#coarse_step, fine_step, zred, iSFC, R_SFC [pc], M_SFC [Msun], N_star, M_star [Msun], nH [cm-3], Zmetal [Zsun], pos(:)
      1667    290520  1.295264E+01   1  1.093E+00  2.591E+03      57  5.700E+02  1.477E+04  2.318E-04  4.755040258169E-01  4.924656003714E-01  4.951246231794E-01
      1756    317962  1.257378E+01   1  1.263E+00  5.405E+03     209  2.090E+03  1.988E+04  4.258E-04  4.755077511072E-01  4.925602525473E-01  4.949993342161E-01
      1913    372828  1.213812E+01   1  1.304E+00  5.561E+03     205  2.050E+03  1.859E+04  5.082E-04  4.755510836840E-01  4.926120489836E-01  4.948367923498E-01
      1960    425450  1.206492E+01   1  1.167E+00  3.886E+03     122  1.220E+03  1.824E+04  5.168E-04  4.755631536245E-01  4.926136285067E-01  4.948068410158E-01
      1963    430617  1.206148E+01   1  1.475E+00  1.007E+04     580  5.800E+03  2.340E+04  4.490E-04  4.755696505308E-01  4.926109761000E-01  4.948014169931E-01
      1977    459107  1.204544E+01   1  1.039E+00  4.445E+03     225  2.250E+03  2.918E+04  4.936E-04  4.755733758211E-01  4.926131516695E-01  4.947944134474E-01
      1985    476051  1.202637E+01   1  1.479E+00  1.198E+04     858  8.580E+03  2.756E+04  5.031E-04  4.755753427744E-01  4.926144927740E-01  4.947876781225E-01
      2029    566019  1.197056E+01   1  1.670E+00  1.737E+04    1389  1.389E+04  2.778E+04  4.963E-04  4.755810946226E-01  4.926242977381E-01  4.947610944510E-01
      2034    575984  1.196230E+01   1  1.046E+00  7.436E+03     594  5.940E+03  4.786E+04  5.206E-04  4.755815416574E-01  4.926257282495E-01  4.947574585676E-01
      2137    786152  1.188025E+01   1  1.682E+00  1.326E+04     766  7.660E+03  2.077E+04  5.483E-04  4.755987972021E-01  4.926227182150E-01  4.947278946638E-01
      2258   1033375  1.182459E+01   1  1.689E+00  7.430E+03     199  1.990E+03  1.152E+04  8.619E-04  4.756094366312E-01  4.926234036684E-01  4.947016090155E-01
      2259   1037048  1.182380E+01   1  1.336E+00  5.328E+03     173  1.730E+03  1.650E+04  9.048E-04  4.756099432707E-01  4.926232248545E-01  4.947014898062E-01
      2272   1061992  1.181821E+01   1  1.189E+00  3.580E+03      95  9.500E+02  1.586E+04  9.683E-04  4.756106585264E-01  4.926231950521E-01  4.946990460157E-01
      2272   1062115  1.181816E+01   1  1.690E+00  1.523E+04    1040  1.040E+04  2.351E+04  5.528E-04  4.756072312593E-01  4.926276952028E-01  4.947012513876E-01
      2296   1112840  1.180674E+01   1  1.059E+00  2.493E+03      56  5.600E+02  1.547E+04  9.101E-04  4.756115525961E-01  4.926228970289E-01  4.946941882372E-01
      2298   1115261  1.180617E+01   1  1.059E+00  1.833E+03      27  2.700E+02  1.139E+04  8.422E-04  4.756112843752E-01  4.926227182150E-01  4.946945458651E-01
      4413   5448228  1.079333E+01   1  1.837E+00  8.898E+03     240  2.400E+03  1.071E+04  1.030E-03  4.757256954908E-01  4.927305132151E-01  4.942186623812E-01
      4413   5448393  1.079301E+01   1  1.023E+00  1.502E+03      19  1.900E+02  1.055E+04  6.533E-04  4.757234603167E-01  4.927243739367E-01  4.942217618227E-01
      4417   5455180  1.077995E+01   1  1.151E+00  2.452E+03      43  4.300E+02  1.201E+04  5.243E-04  4.757271856070E-01  4.927195459604E-01  4.942202419043E-01
      4430   5481615  1.072927E+01   1  1.643E+00  7.902E+03     247  2.470E+03  1.327E+04  9.609E-04  4.757340997458E-01  4.927397817373E-01  4.941853731871E-01
      4548   5724083  1.056636E+01   1  1.873E+00  9.492E+03     265  2.650E+03  1.077E+04  1.187E-03  4.757593721151E-01  4.927621036768E-01  4.941045194864E-01
      4604   5839071  1.045533E+01   1  1.682E+00  6.146E+03     130  1.300E+03  9.628E+03  1.244E-03  4.757763594389E-01  4.927776306868E-01  4.940506666899E-01
      4607   5844261  1.044778E+01   1  1.185E+00  2.599E+03      46  4.600E+02  1.165E+04  7.465E-04  4.757711142302E-01  4.927518218756E-01  4.940442293882E-01
      4607   5844348  1.044762E+01   1  1.185E+00  2.254E+03      33  3.300E+02  1.008E+04  7.459E-04  4.757709056139E-01  4.927523285151E-01  4.940438717604E-01
      4607   5844783  1.044682E+01   1  1.054E+00  1.809E+03      27  2.700E+02  1.152E+04  7.449E-04  4.757708162069E-01  4.927527755499E-01  4.940432161093E-01
      4607   5845010  1.044664E+01   1  1.054E+00  1.858E+03      29  2.900E+02  1.182E+04  7.460E-04  4.757712632418E-01  4.927517622709E-01  4.940438419580E-01
      4609   5848874  1.044272E+01   1  1.185E+00  2.409E+03      38  3.800E+02  1.071E+04  7.393E-04  4.757706969976E-01  4.927542060614E-01  4.940405339003E-01
      4616   5864536  1.042767E+01   1  1.500E+00  4.592E+03      90  9.000E+02  1.006E+04  7.208E-04  4.757709652185E-01  4.927604943514E-01  4.940303117037E-01
      4617   5864549  1.042765E+01   1  1.334E+00  2.606E+03      33  3.300E+02  8.186E+03  1.151E-03  4.757795184851E-01  4.927767068148E-01  4.940368980169E-01
      4618   5867304  1.042341E+01   1  2.132E+00  1.365E+04     429  4.290E+03  1.046E+04  1.068E-03  4.757798463106E-01  4.927836209536E-01  4.940297156572E-01
      4618   5867748  1.042273E+01   1  1.335E+00  2.752E+03      38  3.800E+02  8.633E+03  1.235E-03  4.757778495550E-01  4.927812367678E-01  4.940360039473E-01
      4620   5872031  1.041919E+01   1  1.687E+00  7.373E+03     196  1.960E+03  1.143E+04  7.284E-04  4.757721573114E-01  4.927656799555E-01  4.940251260996E-01
      4624   5879307  1.041155E+01   1  1.336E+00  4.189E+03     100  1.000E+03  1.307E+04  1.059E-03  4.757819622755E-01  4.927838295698E-01  4.940241128206E-01
      4654   5941244  1.037826E+01   1  1.060E+00  1.343E+03      13  1.300E+02  8.431E+03  1.707E-03  4.757788032293E-01  4.927857965231E-01  4.940086752176E-01
      4655   5943979  1.037674E+01   1  1.506E+00  5.157E+03     116  1.160E+03  1.118E+04  1.236E-03  4.757851511240E-01  4.927893429995E-01  4.940063208342E-01
      4659   5952060  1.037268E+01   1  1.905E+00  9.171E+03     234  2.340E+03  9.895E+03  1.041E-03  4.757880121469E-01  4.927894622087E-01  4.940053075552E-01
      4660   5953786  1.037176E+01   1  1.192E+00  1.893E+03      21  2.100E+02  8.231E+03  1.256E-03  4.757876843214E-01  4.927811473608E-01  4.940043240786E-01
      4672   5978479  1.035890E+01   1  1.342E+00  4.436E+03     113  1.130E+03  1.368E+04  1.058E-03  4.757889062166E-01  4.927912503481E-01  4.939954429865E-01
      4673   5979358  1.035807E+01   1  1.907E+00  9.535E+03     255  2.550E+03  1.029E+04  1.035E-03  4.757893532515E-01  4.927915483713E-01  4.939957708120E-01
      4673   5979699  1.035790E+01   1  1.696E+00  7.706E+03     214  2.140E+03  1.179E+04  1.031E-03  4.757894724607E-01  4.927917569876E-01  4.939962178469E-01
      4673   5980756  1.035727E+01   1  1.342E+00  4.504E+03     117  1.170E+03  1.387E+04  1.024E-03  4.757897108793E-01  4.927920848131E-01  4.939964264631E-01
      4676   5985928  1.035375E+01   1  1.697E+00  8.160E+03     244  2.440E+03  1.244E+04  1.148E-03  4.757886081934E-01  4.927919358015E-01  4.939917474985E-01
      4678   5990893  1.035159E+01   1  1.697E+00  8.855E+03     294  2.940E+03  1.348E+04  1.173E-03  4.757887274027E-01  4.927925914526E-01  4.939902573824E-01
      4678   5991046  1.035149E+01   1  2.412E+00  2.605E+04    1363  1.363E+04  1.382E+04  9.426E-04  4.757880717516E-01  4.927931278944E-01  4.939884990454E-01
      4679   5991759  1.035103E+01   1  2.145E+00  1.729E+04     731  7.310E+03  1.307E+04  1.051E-03  4.757884293795E-01  4.927931874990E-01  4.939890354872E-01
      4681   5995826  1.034910E+01   1  1.343E+00  7.150E+03     339  3.390E+03  2.196E+04  8.670E-04  4.757886976004E-01  4.927938133478E-01  4.939868301153E-01
      4682   5998510  1.034770E+01   1  1.510E+00  4.500E+03      84  8.400E+02  9.680E+03  1.160E-03  4.757945984602E-01  4.927906841040E-01  4.939936846495E-01
      4698   6031473  1.032732E+01   1  2.150E+00  1.406E+04     451  4.510E+03  1.056E+04  1.069E-03  4.757945090532E-01  4.927970916033E-01  4.939834326506E-01
      4698   6032379  1.032658E+01   1  1.912E+00  1.544E+04     767  7.670E+03  1.645E+04  9.148E-04  4.757940322161E-01  4.927997142076E-01  4.939772039652E-01
      4700   6034955  1.032493E+01   1  1.346E+00  6.703E+03     289  2.890E+03  2.038E+04  9.269E-04  4.757940620184E-01  4.927998036146E-01  4.939761608839E-01
      4701   6036636  1.032375E+01   1  1.513E+00  7.473E+03     270  2.700E+03  1.593E+04  9.342E-04  4.757940620184E-01  4.927999228239E-01  4.939753562212E-01
      4701   6037415  1.032343E+01   1  1.514E+00  5.833E+03     152  1.520E+03  1.243E+04  1.056E-03  4.757945388556E-01  4.927970319986E-01  4.939817637205E-01
      4702   6040028  1.032218E+01   1  1.198E+00  3.015E+03      62  6.200E+02  1.291E+04  1.099E-03  4.757953733206E-01  4.927967339754E-01  4.939804822206E-01
      4703   6041379  1.032137E+01   1  1.198E+00  4.319E+03     143  1.430E+03  1.852E+04  9.944E-04  4.757955521345E-01  4.928002506495E-01  4.939748793840E-01
      4703   6041477  1.032128E+01   1  2.418E+00  3.064E+04    1971  1.971E+04  1.615E+04  9.047E-04  4.757857471704E-01  4.927918761969E-01  4.939726144075E-01
      4703   6041813  1.032120E+01   1  1.702E+00  8.925E+03     297  2.970E+03  1.348E+04  1.114E-03  4.757950454950E-01  4.927982836962E-01  4.939800053835E-01
      4704   6042889  1.032066E+01   1  1.514E+00  4.824E+03      98  9.800E+02  1.026E+04  1.118E-03  4.757957309484E-01  4.927965849638E-01  4.939793795347E-01
      4704   6043053  1.032056E+01   1  1.702E+00  7.478E+03     198  1.980E+03  1.131E+04  1.159E-03  4.757962673903E-01  4.927946776152E-01  4.939774125814E-01
      4704   6043706  1.032008E+01   1  1.702E+00  6.195E+03     129  1.290E+03  9.465E+03  1.130E-03  4.757959991693E-01  4.927963167429E-01  4.939788132906E-01
      4706   6047881  1.031812E+01   1  1.347E+00  3.521E+03      65  6.500E+02  1.075E+04  1.140E-03  4.757963567972E-01  4.927960187197E-01  4.939774423838E-01
      4707   6049919  1.031700E+01   1  1.702E+00  9.548E+03     347  3.470E+03  1.441E+04  9.198E-04  4.757952243090E-01  4.928012341261E-01  4.939724653959E-01
      4708   6051656  1.031609E+01   1  1.515E+00  4.262E+03      73  7.300E+02  9.063E+03  1.146E-03  4.757965952158E-01  4.927956908941E-01  4.939761310816E-01
      4709   6053703  1.031387E+01   1  1.199E+00  2.359E+03      35  3.500E+02  1.010E+04  1.185E-03  4.757964462042E-01  4.927945286036E-01  4.939735978842E-01
      4709   6054458  1.031309E+01   1  1.066E+00  1.707E+03      23  2.300E+02  1.048E+04  1.150E-03  4.757969230413E-01  4.927953332663E-01  4.939744323492E-01
      4709   6054989  1.031258E+01   1  1.348E+00  2.740E+03      36  3.600E+02  8.309E+03  1.097E-03  4.757955819368E-01  4.927921742201E-01  4.939743727446E-01
      4710   6055110  1.031242E+01   1  1.703E+00  7.496E+03     198  1.980E+03  1.129E+04  1.126E-03  4.757955819368E-01  4.927988201380E-01  4.939765185118E-01
      4711   6057507  1.031118E+01   1  1.348E+00  3.048E+03      47  4.700E+02  9.265E+03  1.216E-03  4.757962673903E-01  4.927942603827E-01  4.939721077681E-01
      4711   6057752  1.031097E+01   1  1.703E+00  5.759E+03     108  1.080E+03  8.685E+03  1.247E-03  4.757959395647E-01  4.927937835455E-01  4.939719587564E-01
      4712   6060582  1.030979E+01   1  1.348E+00  3.769E+03      76  7.600E+02  1.146E+04  1.120E-03  4.757956117392E-01  4.927990883589E-01  4.939757138491E-01
      4720   6076014  1.030217E+01   1  1.516E+00  4.479E+03      82  8.200E+02  9.495E+03  1.230E-03  4.757952243090E-01  4.927940517664E-01  4.939670711756E-01
      4722   6080758  1.030046E+01   1  1.917E+00  1.055E+04     315  3.150E+03  1.109E+04  1.193E-03  4.757950454950E-01  4.927938431501E-01  4.939659088850E-01
      4723   6083354  1.029947E+01   1  1.705E+00  7.561E+03     202  2.020E+03  1.135E+04  1.230E-03  4.757948070765E-01  4.927946478128E-01  4.939662069082E-01
      4724   6084490  1.029916E+01   1  1.917E+00  1.076E+04     336  3.360E+03  1.154E+04  1.001E-03  4.757972806692E-01  4.928021281958E-01  4.939631670713E-01
      4727   6090273  1.029712E+01   1  1.517E+00  7.500E+03     270  2.700E+03  1.586E+04  9.937E-04  4.757988005877E-01  4.928028732538E-01  4.939630478621E-01
      4727   6091098  1.029673E+01   1  2.156E+00  1.697E+04     687  6.870E+03  1.256E+04  1.093E-03  4.757931679487E-01  4.928027838469E-01  4.939562827349E-01
      4727   6091705  1.029645E+01   1  1.917E+00  1.365E+04     571  5.710E+03  1.436E+04  1.069E-03  4.757926613092E-01  4.928029030561E-01  4.939558655024E-01
      4727   6091779  1.029642E+01   1  1.517E+00  6.881E+03     221  2.210E+03  1.456E+04  1.023E-03  4.757978171110E-01  4.928023070097E-01  4.939618259668E-01
      4728   6093451  1.029560E+01   1  1.517E+00  9.611E+03     479  4.790E+03  2.034E+04  1.036E-03  4.757923632860E-01  4.928030520678E-01  4.939552694559E-01
      4729   6094138  1.029525E+01   1  1.918E+00  1.358E+04     567  5.670E+03  1.435E+04  1.105E-03  4.757944196463E-01  4.928029924631E-01  4.939560443163E-01
      4729   6094519  1.029504E+01   1  1.706E+00  7.792E+03     219  2.190E+03  1.186E+04  1.061E-03  4.757979661226E-01  4.928021281958E-01  4.939610213041E-01
      4730   6096608  1.029388E+01   1  2.156E+00  1.076E+04     241  2.410E+03  7.996E+03  1.128E-03  4.757938235998E-01  4.927946180105E-01  4.939631372690E-01
      4730   6096991  1.029365E+01   1  1.518E+00  9.837E+03     504  5.040E+03  2.077E+04  1.073E-03  4.757942408323E-01  4.928035289049E-01  4.939542859793E-01
      4730   6097104  1.029360E+01   1  2.156E+00  1.243E+04     333  3.330E+03  9.128E+03  1.114E-03  4.757956713438E-01  4.928033202887E-01  4.939553588629E-01
      4730   6097275  1.029349E+01   1  1.706E+00  8.213E+03     244  2.440E+03  1.231E+04  1.100E-03  4.757982641459E-01  4.928021281958E-01  4.939600378275E-01
      4730   6097340  1.029345E+01   1  1.518E+00  1.097E+04     648  6.480E+03  2.318E+04  1.042E-03  4.757936447859E-01  4.928034693003E-01  4.939538985491E-01
      4730   6097443  1.029338E+01   1  1.918E+00  7.860E+03     161  1.610E+03  8.325E+03  1.150E-03  4.757961779833E-01  4.928030520678E-01  4.939557462931E-01
      4731   6098695  1.029281E+01   1  2.156E+00  1.187E+04     304  3.040E+03  8.871E+03  1.174E-03  4.757983535528E-01  4.928020685911E-01  4.939593225718E-01
      4732   6100475  1.029236E+01   1  2.156E+00  1.239E+04     334  3.340E+03  9.232E+03  1.212E-03  4.757985323668E-01  4.928020089865E-01  4.939585179090E-01
      4732   6100732  1.029229E+01   1  1.706E+00  6.329E+03     134  1.340E+03  9.487E+03  1.156E-03  4.757970720530E-01  4.928028434515E-01  4.939558058977E-01
      4732   6101413  1.029202E+01   1  2.156E+00  1.935E+04     931  9.310E+03  1.436E+04  1.014E-03  4.757932275534E-01  4.928038567305E-01  4.939530640841E-01
      4732   6101423  1.029202E+01   1  1.518E+00  8.708E+03     381  3.810E+03  1.839E+04  1.080E-03  4.757954925299E-01  4.928037375212E-01  4.939542561769E-01
      4732   6101517  1.029197E+01   1  1.918E+00  9.070E+03     223  2.230E+03  9.574E+03  1.149E-03  4.757976382971E-01  4.928027838469E-01  4.939559549093E-01
      4732   6102034  1.029178E+01   1  1.918E+00  9.481E+03     248  2.480E+03  1.005E+04  1.187E-03  4.757985025644E-01  4.928020685911E-01  4.939577132463E-01
      4733   6102129  1.029174E+01   1  1.918E+00  1.184E+04     413  4.130E+03  1.250E+04  1.175E-03  4.757992774248E-01  4.928008168936E-01  4.939598888159E-01
      4733   6102688  1.029150E+01   1  1.918E+00  9.756E+03     265  2.650E+03  1.035E+04  1.142E-03  4.757979661226E-01  4.928025454283E-01  4.939563423395E-01
      4733   6103725  1.029129E+01   1  1.518E+00  6.067E+03     165  1.650E+03  1.281E+04  1.181E-03  4.757936149836E-01  4.927952438593E-01  4.939607530832E-01
      4733   6103881  1.029125E+01   1  1.918E+00  1.017E+04     290  2.900E+03  1.073E+04  1.152E-03  4.757983833551E-01  4.928022474051E-01  4.939569383860E-01
      4734   6104547  1.029107E+01   1  2.425E+00  2.496E+04    1219  1.219E+04  1.304E+04  1.060E-03  4.757903069258E-01  4.928022474051E-01  4.939540475607E-01
      4734   6106099  1.029053E+01   1  1.518E+00  9.260E+03     439  4.390E+03  1.956E+04  1.036E-03  4.757994264364E-01  4.928025752306E-01  4.939597398043E-01
      4736   6110067  1.028864E+01   1  1.518E+00  8.368E+03     347  3.470E+03  1.767E+04  1.141E-03  4.757993072271E-01  4.928016513586E-01  4.939588755369E-01
      4737   6111863  1.028811E+01   1  1.919E+00  1.499E+04     712  7.120E+03  1.586E+04  1.096E-03  4.757906645536E-01  4.928029626608E-01  4.939523488283E-01
      4738   6112567  1.028793E+01   1  1.707E+00  9.367E+03     330  3.300E+03  1.402E+04  1.174E-03  4.757927805185E-01  4.927952736616E-01  4.939586371183E-01
      4738   6114304  1.028733E+01   1  1.707E+00  1.056E+04     435  4.350E+03  1.583E+04  1.201E-03  4.757997840643E-01  4.928017705679E-01  4.939578920603E-01
      4740   6117392  1.028640E+01   1  1.351E+00  3.876E+03      81  8.100E+02  1.171E+04  1.157E-03  4.757993966341E-01  4.928021281958E-01  4.939546734095E-01
      4740   6117632  1.028632E+01   1  1.069E+00  3.656E+03     134  1.340E+03  2.225E+04  1.071E-03  4.758002310991E-01  4.928019493818E-01  4.939580410719E-01
      4741   6119300  1.028577E+01   1  1.707E+00  9.416E+03     334  3.340E+03  1.413E+04  1.223E-03  4.758003205061E-01  4.928016513586E-01  4.939569383860E-01
      4744   6125093  1.028380E+01   1  1.920E+00  1.372E+04     578  5.780E+03  1.445E+04  1.006E-03  4.757962673903E-01  4.928050488234E-01  4.939490109682E-01
      4747   6131678  1.028214E+01   1  1.920E+00  1.520E+04     733  7.330E+03  1.601E+04  1.129E-03  4.757921546698E-01  4.928049594164E-01  4.939486831427E-01
      4752   6142320  1.027881E+01   1  1.352E+00  4.998E+03     146  1.460E+03  1.507E+04  1.208E-03  4.758018702269E-01  4.928020089865E-01  4.939538985491E-01
      4753   6143592  1.027837E+01   1  1.708E+00  7.533E+03     199  1.990E+03  1.125E+04  1.133E-03  4.758010953665E-01  4.928033202887E-01  4.939499050379E-01
      4756   6149721  1.027613E+01   1  1.709E+00  9.663E+03     359  3.590E+03  1.467E+04  1.205E-03  4.758019596338E-01  4.928014129400E-01  4.939527362585E-01
      4757   6151860  1.027556E+01   1  1.520E+00  6.648E+03     203  2.030E+03  1.398E+04  1.186E-03  4.758016914129E-01  4.928008168936E-01  4.939522892237E-01
      4759   6156838  1.027379E+01   1  1.520E+00  6.007E+03     161  1.610E+03  1.263E+04  1.171E-03  4.758022576571E-01  4.928034394979E-01  4.939474612474E-01
      4760   6158238  1.027323E+01   1  1.921E+00  1.090E+04     345  3.450E+03  1.164E+04  1.197E-03  4.758021086454E-01  4.928050190210E-01  4.939455538988E-01
      4762   6161798  1.027193E+01   1  1.709E+00  8.708E+03     278  2.780E+03  1.298E+04  1.202E-03  4.758024364710E-01  4.928051382303E-01  4.939445108175E-01
      4763   6163985  1.027108E+01   1  1.709E+00  9.939E+03     376  3.760E+03  1.481E+04  1.175E-03  4.758024662733E-01  4.928044527769E-01  4.939455240965E-01
      4764   6166655  1.027027E+01   1  1.070E+00  2.086E+03      37  3.700E+02  1.276E+04  1.127E-03  4.758016616106E-01  4.928004294634E-01  4.939496368170E-01
      4765   6168603  1.026970E+01   1  1.070E+00  2.634E+03      62  6.200E+02  1.598E+04  9.685E-04  4.758023768663E-01  4.928007274866E-01  4.939491897821E-01
      4765   6168778  1.026962E+01   1  1.521E+00  5.128E+03     111  1.110E+03  1.077E+04  1.130E-03  4.758027642965E-01  4.928024262190E-01  4.939471632242E-01
      4765   6168893  1.026960E+01   1  1.710E+00  7.934E+03     224  2.240E+03  1.182E+04  1.028E-03  4.758006781340E-01  4.928074926138E-01  4.939426332712E-01
      4766   6171694  1.026842E+01   1  2.731E+00  2.507E+04     896  8.960E+03  9.213E+03  1.219E-03  4.757957905531E-01  4.928071349859E-01  4.939404875040E-01
      4767   6172180  1.026829E+01   1  1.710E+00  8.135E+03     237  2.370E+03  1.212E+04  1.189E-03  4.758034199476E-01  4.928051382303E-01  4.939426630735E-01
      4767   6172267  1.026826E+01   1  1.710E+00  5.194E+03      85  8.500E+02  7.817E+03  1.267E-03  4.757956713438E-01  4.928061813116E-01  4.939441233873E-01
      4767   6173386  1.026773E+01   1  1.203E+00  3.309E+03      76  7.600E+02  1.399E+04  1.019E-03  4.758025258780E-01  4.928008466959E-01  4.939485341311E-01
      4768   6174693  1.026722E+01   1  1.521E+00  7.090E+03     235  2.350E+03  1.488E+04  1.153E-03  4.758032411337E-01  4.928041249514E-01  4.939435869455E-01
      4768   6174836  1.026715E+01   1  1.710E+00  9.823E+03     366  3.660E+03  1.463E+04  1.150E-03  4.758031815290E-01  4.928037077188E-01  4.939443618059E-01
      4769   6175948  1.026670E+01   1  1.204E+00  3.647E+03      96  9.600E+02  1.541E+04  1.069E-03  4.758018702269E-01  4.928007572889E-01  4.939470440149E-01
      4769   6177264  1.026626E+01   1  1.923E+00  1.155E+04     388  3.880E+03  1.213E+04  1.137E-03  4.757945388556E-01  4.928065091372E-01  4.939388483763E-01
      4770   6178953  1.026589E+01   1  1.923E+00  1.095E+04     343  3.430E+03  1.149E+04  1.180E-03  4.757951647043E-01  4.928067475557E-01  4.939390271902E-01
      4770   6179000  1.026587E+01   1  1.923E+00  1.110E+04     354  3.540E+03  1.167E+04  1.210E-03  4.757962673903E-01  4.928071945906E-01  4.939389973879E-01
      4771   6180739  1.026534E+01   1  1.521E+00  7.799E+03     293  2.930E+03  1.635E+04  1.138E-03  4.757943898439E-01  4.928065687418E-01  4.939385801554E-01
      4772   6182212  1.026490E+01   1  1.071E+00  1.267E+03      11  1.100E+02  7.693E+03  1.076E-03  4.758017212152E-01  4.927984327078E-01  4.939467161894E-01
      4772   6182374  1.026487E+01   1  1.204E+00  3.098E+03      65  6.500E+02  1.309E+04  9.674E-04  4.758021682501E-01  4.928003400564E-01  4.939466267824E-01
      4773   6184173  1.026443E+01   1  1.521E+00  8.144E+03     324  3.240E+03  1.707E+04  1.130E-03  4.757943302393E-01  4.928066283464E-01  4.939378947020E-01
      4773   6184778  1.026416E+01   1  1.710E+00  9.551E+03     343  3.430E+03  1.421E+04  1.218E-03  4.758034497499E-01  4.928067773581E-01  4.939398020506E-01
      4774   6187041  1.026348E+01   1  1.923E+00  1.062E+04     320  3.200E+03  1.116E+04  1.039E-03  4.758018404245E-01  4.928085356951E-01  4.939392656088E-01
      4775   6189714  1.026284E+01   1  1.711E+00  7.730E+03     212  2.120E+03  1.162E+04  1.094E-03  4.758027046919E-01  4.928016811609E-01  4.939447790384E-01
      4776   6190467  1.026264E+01   1  1.923E+00  1.352E+04     563  5.630E+03  1.434E+04  1.147E-03  4.757947474718E-01  4.928068071604E-01  4.939372092485E-01
      4776   6191226  1.026241E+01   1  1.522E+00  7.399E+03     259  2.590E+03  1.551E+04  1.131E-03  4.758040755987E-01  4.928034693003E-01  4.939419776201E-01
      4777   6192550  1.026211E+01   1  1.522E+00  5.352E+03     123  1.230E+03  1.122E+04  1.174E-03  4.758041948080E-01  4.928040057421E-01  4.939409047365E-01
      4777   6192871  1.026203E+01   1  1.522E+00  5.902E+03     154  1.540E+03  1.237E+04  1.144E-03  4.758035689592E-01  4.928028434515E-01  4.939426630735E-01
      4778   6194439  1.026160E+01   1  1.923E+00  1.190E+04     414  4.140E+03  1.247E+04  1.142E-03  4.757939130068E-01  4.928066283464E-01  4.939368516207E-01
      4778   6195446  1.026133E+01   1  1.522E+00  8.745E+03     381  3.810E+03  1.832E+04  1.143E-03  4.757946580648E-01  4.928068965673E-01  4.939365535975E-01
      4778   6195990  1.026122E+01   1  1.204E+00  4.908E+03     190  1.900E+03  2.071E+04  1.129E-03  4.757950454950E-01  4.928071647882E-01  4.939360171556E-01
      4779   6197221  1.026093E+01   1  1.711E+00  7.910E+03     222  2.220E+03  1.176E+04  1.064E-03  4.758023768663E-01  4.928088933229E-01  4.939396828413E-01
      4779   6198196  1.026063E+01   1  1.522E+00  5.119E+03     111  1.110E+03  1.072E+04  1.227E-03  4.758050888777E-01  4.928048402071E-01  4.939392954111E-01
      4779   6198309  1.026058E+01   1  1.522E+00  7.659E+03     281  2.810E+03  1.604E+04  1.138E-03  4.757937639952E-01  4.928066283464E-01  4.939363151789E-01
      4780   6199438  1.026030E+01   1  1.522E+00  4.485E+03      82  8.200E+02  9.394E+03  1.098E-03  4.758016318083E-01  4.927989095449E-01  4.939429610968E-01
      4780   6199565  1.026028E+01   1  1.522E+00  7.060E+03     233  2.330E+03  1.478E+04  1.104E-03  4.758030325174E-01  4.928082674742E-01  4.939379841089E-01
      4781   6201178  1.025978E+01   1  1.711E+00  1.011E+04     391  3.910E+03  1.503E+04  1.200E-03  4.758048504591E-01  4.928068667650E-01  4.939379841089E-01
      4782   6203547  1.025915E+01   1  1.522E+00  7.852E+03     298  2.980E+03  1.646E+04  1.144E-03  4.757938832045E-01  4.928067475557E-01  4.939355701208E-01
      4784   6207414  1.025820E+01   1  1.924E+00  1.516E+04     726  7.260E+03  1.591E+04  1.196E-03  4.758043140173E-01  4.928074330091E-01  4.939374178648E-01
      4784   6207662  1.025814E+01   1  1.522E+00  7.679E+03     282  2.820E+03  1.606E+04  1.148E-03  4.757937937975E-01  4.928067773581E-01  4.939350634813E-01
      4785   6209764  1.025758E+01   1  1.522E+00  5.769E+03     146  1.460E+03  1.207E+04  1.224E-03  4.758049994707E-01  4.928039461374E-01  4.939386099577E-01
      4786   6211993  1.025699E+01   1  1.522E+00  5.690E+03     141  1.410E+03  1.191E+04  1.193E-03  4.758047908545E-01  4.928031116724E-01  4.939392656088E-01
      4786   6212031  1.025698E+01   1  1.205E+00  3.837E+03     107  1.070E+03  1.617E+04  1.175E-03  4.758058041334E-01  4.928065985441E-01  4.939370900393E-01
      4786   6212196  1.025693E+01   1  1.522E+00  7.255E+03     248  2.480E+03  1.518E+04  1.152E-03  4.757938235998E-01  4.928068369627E-01  4.939344078302E-01
      4786   6212549  1.025681E+01   1  1.354E+00  3.861E+03      80  8.000E+02  1.158E+04  1.188E-03  4.757881313562E-01  4.927980452776E-01  4.939395636320E-01
      4787   6212793  1.025672E+01   1  1.522E+00  5.973E+03     158  1.580E+03  1.250E+04  1.005E-03  4.758013933897E-01  4.928002506495E-01  4.939419180155E-01
      4787   6213403  1.025654E+01   1  1.924E+00  1.153E+04     386  3.860E+03  1.210E+04  1.264E-03  4.758008271456E-01  4.928077012300E-01  4.939348846674E-01
      4789   6217797  1.025519E+01   1  1.712E+00  9.635E+03     349  3.490E+03  1.430E+04  1.192E-03  4.757966548204E-01  4.928080588579E-01  4.939325600863E-01
      4789   6218207  1.025506E+01   1  2.164E+00  1.410E+04     446  4.460E+03  1.038E+04  1.086E-03  4.757905453444E-01  4.927969723940E-01  4.939401298761E-01
      4790   6220811  1.025421E+01   1  1.355E+00  3.183E+03      51  5.100E+02  9.534E+03  1.241E-03  4.758050292730E-01  4.928032308817E-01  4.939375966787E-01
      4791   6222029  1.025386E+01   1  2.164E+00  1.490E+04     508  5.080E+03  1.102E+04  1.161E-03  4.757942706347E-01  4.928071945906E-01  4.939326494932E-01
      4792   6223477  1.025339E+01   1  1.523E+00  5.536E+03     132  1.320E+03  1.157E+04  1.178E-03  4.758065789938E-01  4.928069859743E-01  4.939356595278E-01
      4794   6227706  1.025198E+01   1  2.433E+00  1.990E+04     722  7.220E+03  1.038E+04  1.125E-03  4.757905155420E-01  4.927971810102E-01  4.939390271902E-01
      4795   6229901  1.025119E+01   1  2.433E+00  2.880E+04    1676  1.676E+04  1.486E+04  1.171E-03  4.758058041334E-01  4.928085058928E-01  4.939343482256E-01
      4795   6230057  1.025111E+01   1  1.712E+00  7.136E+03     175  1.750E+03  1.059E+04  1.196E-03  4.757880121469E-01  4.927998632193E-01  4.939350932837E-01
      4797   6233469  1.025033E+01   1  1.523E+00  4.961E+03     103  1.030E+03  1.037E+04  1.194E-03  4.757879525423E-01  4.928003996611E-01  4.939341098070E-01
      4798   6235443  1.024979E+01   1  2.165E+00  1.665E+04     649  6.490E+03  1.216E+04  1.111E-03  4.757906049490E-01  4.927973598242E-01  4.939383119345E-01
      4799   6237302  1.024923E+01   1  1.524E+00  9.786E+03     493  4.930E+03  2.044E+04  1.173E-03  4.758066087961E-01  4.928080290556E-01  4.939333051443E-01
      4799   6238156  1.024903E+01   1  1.713E+00  8.219E+03     244  2.440E+03  1.231E+04  1.264E-03  4.758013039827E-01  4.928074926138E-01  4.939302653074E-01
      4800   6240855  1.024822E+01   1  2.434E+00  2.089E+04     810  8.100E+03  1.093E+04  1.262E-03  4.758006483316E-01  4.928077310324E-01  4.939295202494E-01
      4800   6240871  1.024822E+01   1  2.434E+00  2.321E+04    1020  1.020E+04  1.198E+04  1.159E-03  4.757959097624E-01  4.928081482649E-01  4.939291328192E-01
      4804   6248920  1.024538E+01   1  1.713E+00  8.387E+03     253  2.530E+03  1.241E+04  1.049E-03  4.758000820875E-01  4.928005486727E-01  4.939345866442E-01
      4804   6249544  1.024515E+01   1  2.165E+00  1.845E+04     827  8.270E+03  1.356E+04  1.094E-03  4.757907539606E-01  4.927982836962E-01  4.939357191324E-01
      4805   6249919  1.024504E+01   1  2.165E+00  1.758E+04     736  7.360E+03  1.283E+04  1.161E-03  4.757965952158E-01  4.928086847067E-01  4.939270168543E-01
      4806   6252184  1.024415E+01   1  2.166E+00  1.950E+04     931  9.310E+03  1.418E+04  1.204E-03  4.758083671331E-01  4.928082078695E-01  4.939320236444E-01
      4808   6256236  1.024249E+01   1  2.435E+00  1.927E+04     664  6.640E+03  9.941E+03  1.298E-03  4.758024960756E-01  4.928079098463E-01  4.939262419939E-01
      4808   6256426  1.024240E+01   1  2.435E+00  2.253E+04     952  9.520E+03  1.163E+04  1.086E-03  4.757909327745E-01  4.927985519171E-01  4.939343482256E-01
      4812   6265392  1.023940E+01   1  1.927E+00  1.122E+04     360  3.600E+03  1.168E+04  1.156E-03  4.757914394140E-01  4.928012043238E-01  4.939300566912E-01
      4812   6265886  1.023928E+01   1  2.167E+00  1.748E+04     734  7.340E+03  1.291E+04  1.160E-03  4.757983535528E-01  4.928095787764E-01  4.939236789942E-01
      4816   6273975  1.023664E+01   1  2.436E+00  2.556E+04    1280  1.280E+04  1.327E+04  1.177E-03  4.757974594831E-01  4.928093999624E-01  4.939226061106E-01
      4817   6274958  1.023631E+01   1  1.525E+00  5.114E+03     110  1.100E+03  1.063E+04  1.179E-03  4.758086055517E-01  4.928071349859E-01  4.939296990633E-01
      4818   6277649  1.023556E+01   1  1.928E+00  1.407E+04     606  6.060E+03  1.464E+04  1.191E-03  4.757986813784E-01  4.928098171949E-01  4.939218014479E-01
      4818   6277905  1.023543E+01   1  1.715E+00  1.185E+04     559  5.590E+03  1.745E+04  1.146E-03  4.757972210646E-01  4.928094297647E-01  4.939219206572E-01
      4819   6279496  1.023504E+01   1  1.715E+00  7.405E+03     189  1.890E+03  1.093E+04  1.319E-03  4.758049100637E-01  4.928081780672E-01  4.939221590757E-01
      4821   6283343  1.023400E+01   1  1.526E+00  7.400E+03     259  2.590E+03  1.545E+04  1.099E-03  4.758101254702E-01  4.928094893694E-01  4.939282089472E-01
      4821   6283817  1.023381E+01   1  1.715E+00  9.988E+03     377  3.770E+03  1.474E+04  1.039E-03  4.757986515760E-01  4.928018003702E-01  4.939278215170E-01
      4824   6289200  1.023230E+01   1  2.437E+00  2.507E+04    1228  1.228E+04  1.305E+04  1.144E-03  4.757978767157E-01  4.928098767996E-01  4.939198344946E-01
      4825   6291948  1.023160E+01   1  2.437E+00  2.496E+04    1200  1.200E+04  1.282E+04  1.140E-03  4.757973402739E-01  4.928099364042E-01  4.939193278551E-01
      4831   6304685  1.022827E+01   1  1.929E+00  9.304E+03     235  2.350E+03  9.724E+03  1.334E-03  4.758065789938E-01  4.928083270788E-01  4.939189404249E-01
      4838   6317953  1.022494E+01   1  1.716E+00  8.357E+03     250  2.500E+03  1.230E+04  1.409E-03  4.758071452379E-01  4.928076714277E-01  4.939180761576E-01
      4845   6332501  1.022177E+01   1  1.717E+00  8.726E+03     277  2.770E+03  1.292E+04  1.381E-03  4.757954627275E-01  4.928045719862E-01  4.939196258783E-01
      4847   6336872  1.022081E+01   1  1.075E+00  2.933E+03      79  7.900E+02  1.754E+04  1.344E-03  4.757954031229E-01  4.928049892187E-01  4.939195662737E-01
      4848   6338272  1.022051E+01   1  1.209E+00  2.666E+03      46  4.600E+02  1.113E+04  1.397E-03  4.757955223322E-01  4.928054064512E-01  4.939186125994E-01
      4857   6356657  1.021659E+01   1  2.744E+00  3.132E+04    1468  1.468E+04  1.127E+04  1.267E-03  4.757972508669E-01  4.928078502417E-01  4.939142912626E-01
      4857   6356984  1.021653E+01   1  1.359E+00  4.111E+03      91  9.100E+02  1.214E+04  1.104E-03  4.758133739233E-01  4.928102046251E-01  4.939220696688E-01
      4864   6370564  1.021374E+01   1  1.932E+00  1.021E+04     288  2.880E+03  1.056E+04  1.154E-03  4.757962077856E-01  4.928123205900E-01  4.939098805189E-01
      4867   6378000  1.021198E+01   1  1.360E+00  3.843E+03      78  7.800E+02  1.138E+04  1.109E-03  4.758136123419E-01  4.928106814623E-01  4.939207285643E-01
      4869   6380763  1.021142E+01   1  2.442E+00  2.329E+04    1026  1.026E+04  1.200E+04  1.350E-03  4.757986217737E-01  4.928101450205E-01  4.939104765654E-01
      4885   6414237  1.020477E+01   1  2.443E+00  1.998E+04     715  7.150E+03  1.020E+04  1.316E-03  4.758067578077E-01  4.928135424852E-01  4.939030259848E-01
      4891   6427005  1.020227E+01   1  2.174E+00  1.188E+04     295  2.950E+03  8.584E+03  1.083E-03  4.757929295301E-01  4.928078204393E-01  4.939071387053E-01
      4894   6433614  1.020118E+01   1  1.934E+00  1.113E+04     350  3.500E+03  1.149E+04  1.136E-03  4.757934063673E-01  4.928088337183E-01  4.939062446356E-01
      4895   6435730  1.020067E+01   1  2.174E+00  1.709E+04     690  6.900E+03  1.251E+04  1.406E-03  4.758074432611E-01  4.928142279387E-01  4.939017146826E-01
      4900   6444301  1.019903E+01   1  1.934E+00  1.655E+04     869  8.690E+03  1.695E+04  1.421E-03  4.758077710867E-01  4.928141683340E-01  4.939004629850E-01
      4917   6480193  1.019308E+01   1  2.750E+00  3.176E+04    1497  1.497E+04  1.127E+04  1.555E-03  4.758084267378E-01  4.928152412176E-01  4.938981980085E-01
      4936   6518844  1.018695E+01   1  2.751E+00  2.231E+04     672  6.720E+03  8.022E+03  2.488E-03  4.758102148771E-01  4.928162842989E-01  4.938964396715E-01
      4937   6521874  1.018648E+01   1  2.177E+00  2.164E+04    1165  1.165E+04  1.548E+04  1.475E-03  4.758100658655E-01  4.928158670664E-01  4.938947111368E-01
      4944   6535840  1.018457E+01   1  2.448E+00  1.921E+04     657  6.570E+03  9.864E+03  1.807E-03  4.758105129004E-01  4.928169697523E-01  4.938945621252E-01
      4948   6542845  1.018360E+01   1  2.177E+00  1.186E+04     292  2.920E+03  8.501E+03  3.179E-03  4.758107811213E-01  4.928168505430E-01  4.938951581717E-01
      4955   6557592  1.018155E+01   1  2.178E+00  1.741E+04     708  7.080E+03  1.250E+04  1.407E-03  4.758111089468E-01  4.928169101477E-01  4.938924163580E-01
      4955   6558080  1.018148E+01   1  2.752E+00  2.170E+04     629  6.290E+03  7.780E+03  2.196E-03  4.758117645979E-01  4.928178340197E-01  4.938930720091E-01
      4960   6568833  1.018000E+01   1  1.723E+00  9.653E+03     345  3.450E+03  1.407E+04  1.561E-03  4.758118540049E-01  4.928176254034E-01  4.938916712999E-01
      4973   6595448  1.017623E+01   1  1.938E+00  1.146E+04     376  3.760E+03  1.187E+04  1.395E-03  4.758129864931E-01  4.928174167871E-01  4.938893765211E-01
      4975   6597805  1.017593E+01   1  1.213E+00  1.827E+03      19  1.900E+02  7.573E+03  1.730E-03  4.758117049932E-01  4.928064197302E-01  4.938952475786E-01
      4975   6598019  1.017589E+01   1  1.213E+00  2.054E+03      24  2.400E+02  8.428E+03  1.725E-03  4.758110791445E-01  4.928065091372E-01  4.938948303461E-01
      4975   6599245  1.017574E+01   1  1.724E+00  4.874E+03      71  7.100E+02  7.074E+03  1.734E-03  4.758107215166E-01  4.928065389395E-01  4.938944727182E-01
      4977   6603146  1.017526E+01   1  1.938E+00  7.248E+03     130  1.300E+03  7.449E+03  1.696E-03  4.758103638887E-01  4.928067177534E-01  4.938938468695E-01
      4981   6610359  1.017432E+01   1  1.364E+00  2.949E+03      42  4.200E+02  8.647E+03  1.585E-03  4.758101254702E-01  4.928069561720E-01  4.938928633928E-01
      4981   6612032  1.017412E+01   1  1.724E+00  4.451E+03      58  5.800E+02  6.465E+03  3.006E-03  4.758115559816E-01  4.928140193224E-01  4.938907474279E-01
      4986   6622164  1.017276E+01   1  1.364E+00  5.645E+03     188  1.880E+03  1.654E+04  1.402E-03  4.758145362139E-01  4.928170889616E-01  4.938881844282E-01
      4990   6629089  1.017188E+01   1  1.365E+00  2.717E+03      35  3.500E+02  7.983E+03  1.883E-03  4.758099764585E-01  4.928065389395E-01  4.938920885324E-01
      4994   6638437  1.017069E+01   1  1.939E+00  1.056E+04     310  3.100E+03  1.087E+04  1.426E-03  4.758150130510E-01  4.928175359964E-01  4.938862174749E-01
      5025   6701003  1.016200E+01   1  3.100E+00  4.090E+04    1947  1.947E+04  1.018E+04  1.851E-03  4.758045822382E-01  4.928247481585E-01  4.938745647669E-01
      5030   6712351  1.016045E+01   1  2.453E+00  1.618E+04     435  4.350E+03  8.158E+03  2.014E-03  4.758048504591E-01  4.928248375654E-01  4.938726872206E-01
      5049   6751240  1.015548E+01   1  3.101E+00  3.528E+04    1386  1.386E+04  8.788E+03  1.912E-03  4.758064895868E-01  4.928251951933E-01  4.938693195581E-01
      5078   6809333  1.014824E+01   1  3.103E+00  2.580E+04     674  6.740E+03  6.417E+03  2.754E-03  4.758098572493E-01  4.928257614374E-01  4.938652664423E-01
      5091   6837072  1.014492E+01   1  2.185E+00  8.948E+03     153  1.530E+03  6.409E+03  3.478E-03  4.758113175631E-01  4.928256422281E-01  4.938634485006E-01
      5100   6853960  1.014296E+01   1  2.185E+00  8.765E+03     144  1.440E+03  6.215E+03  3.652E-03  4.758119732141E-01  4.928253740072E-01  4.938626438379E-01
