# Redshift z = 3. Mass function extracted from ax[0]
# columns: x y
8.851516270917964002e-02 7.965978055729029900e-18
9.143324499629545965e-02 2.387331317121032692e-17
9.337863318770600607e-02 4.957720108836672819e-17
9.532402137911653861e-02 1.019317735490848068e-16
9.726940957052708503e-02 1.670076471546794970e-16
9.921479776193763145e-02 3.071306936753089697e-16
1.011601859533481640e-01 5.778788772563424020e-16
1.031055741447587104e-01 1.068335979306972930e-15
1.050509623361692568e-01 1.935652312150581739e-15
1.069963505275797894e-01 5.230146462802328814e-15
1.108871269104008683e-01 1.563891910506952220e-14
1.147779032932219473e-01 4.267261998100364050e-14
1.176959855803377669e-01 8.581594380446097569e-14
1.215867619631588459e-01 1.984259682231517234e-13
1.235321501545694062e-01 2.127287619779581676e-13
1.245048442502746655e-01 1.602037271395490707e-13
1.274229265373904851e-01 2.743920825817378600e-13
1.283956206330957583e-01 3.233463622317836581e-13
1.303410088245063048e-01 3.099293523546446794e-12
1.332590911116220966e-01 6.670481156115033778e-13
1.361771733987379163e-01 1.126589428212336542e-12
1.390952556858537359e-01 1.428095196262824649e-12
1.429860320686748287e-01 2.769675551100370161e-12
1.468768084514958938e-01 4.960278494402529265e-12
1.507675848343169867e-01 8.604064302770903239e-12
1.546583612171380517e-01 1.357185051290429065e-11
1.575764435042538714e-01 8.667461778395175871e-12
1.614672198870749642e-01 1.593255829200732891e-11
1.653579962698960293e-01 2.755097489530680509e-11
1.682760785570118489e-01 3.834432427707523094e-11
1.721668549398329418e-01 5.540577481100078770e-11
1.750849372269487614e-01 6.883063537742163484e-11
1.770303254183592800e-01 8.985537425829379495e-11
1.809211018011803729e-01 5.321320777066143132e-10
1.857845722797067389e-01 2.162974146878452813e-10
1.887026545668225586e-01 2.929580975475504186e-10
1.925934309496436514e-01 3.636935807653042313e-10
1.964842073324647165e-01 4.769292823824159502e-10
1.994022896195805084e-01 7.188361981286924610e-10
2.042657600981068744e-01 1.278908742582971813e-09
2.101019246723385137e-01 3.268492839638399636e-09
2.139927010551595787e-01 1.729429466821286984e-09
2.169107833422754261e-01 3.603965335863351894e-09
2.208015597250964912e-01 3.654511586819560729e-09
2.237196420122123108e-01 5.146017286559951320e-08
2.276104183950333759e-01 2.898204793334864808e-08
2.334465829692650152e-01 2.829029310291940791e-08
2.392827475434966544e-01 5.220950467877273786e-07
2.451189121177282382e-01 7.198328380113320095e-07
2.499823825962546042e-01 1.050257591709852076e-06
2.529004648833704239e-01 6.505382853192533086e-07
2.567912412661915167e-01 1.187876272237988937e-06
2.616547117447178827e-01 1.084898989407172568e-06
2.665181822232441933e-01 1.746401213407034457e-06
2.713816527017705593e-01 5.810559455941854574e-07
2.762451231802969254e-01 8.182309722266492555e-07
2.820812877545285646e-01 1.209831628656725824e-06
2.879174523287601484e-01 1.158502014497249531e-06
2.927809228072865144e-01 1.302013615883559901e-06
2.995897814772234269e-01 1.765887226553437287e-06
3.093167224342761035e-01 2.594615114399991073e-06
3.190436633913288356e-01 2.338948046505484880e-06
3.287706043483815677e-01 1.779376247623368584e-06
3.384975453054342442e-01 1.698772429632955515e-06
3.472517921667817031e-01 1.618107272664733807e-06
3.560060390281291620e-01 3.815920979702708000e-06
3.647602858894765654e-01 2.712113450401998156e-06
3.744872268465292975e-01 3.548398965227657192e-06
3.842141678035819741e-01 2.758618348809965308e-06
3.939411087606347062e-01 4.658376117611319584e-06
4.026953556219821095e-01 5.575890072643444170e-06
4.104769083876242952e-01 4.828356398952691653e-06
4.182584611532665364e-01 5.529614372989019815e-06
4.289580962060244307e-01 5.772785470081061097e-06
4.386850371630771628e-01 5.202958108327748457e-06
4.474392840244246217e-01 6.423173947532838160e-06
4.571662249814772983e-01 7.689409563093558688e-06
4.668931659385300303e-01 7.724568329646393192e-06
4.766201068955827624e-01 6.410919212889600293e-06
4.863470478526353835e-01 8.985594626653781302e-06
4.921832124268670783e-01 1.122532750494228408e-05
4.980193770010986620e-01 1.300561443397271717e-05
5.058009297667408477e-01 1.451688421689567911e-05
5.155278707237935798e-01 1.404516675132378850e-05
5.252548116808463119e-01 1.063378813580860602e-05
5.349817526378990440e-01 1.476699039952382024e-05
5.447086935949516651e-01 1.671853060922167579e-05
5.544356345520043972e-01 1.755405002430138721e-05
5.641625755090571293e-01 1.546600614418013265e-05
5.738895164661097503e-01 1.824790597650823406e-05
5.836164574231624824e-01 1.556653604544535314e-05
5.933433983802152145e-01 2.100749734589619055e-05
6.030703393372679466e-01 2.092424075879001171e-05
6.127972802943206787e-01 2.423572722449027323e-05
6.225242212513732998e-01 2.087323102900365168e-05
6.322511622084260319e-01 2.178879322514067773e-05
6.400327149740682176e-01 2.151911181743554807e-05
6.468415736440050745e-01 2.272466098232835444e-05
6.565685146010578066e-01 1.956198069665784510e-04
6.662954555581105387e-01 2.331841398288697851e-05
6.760223965151632708e-01 2.414962135635750207e-05
6.857493374722160029e-01 2.686356785265990010e-05
6.964489725249739527e-01 2.792811584528587287e-05
7.061759134820265738e-01 2.856439509191926340e-05
7.149301603433740881e-01 2.927918737747439544e-05
7.246571013004267092e-01 2.953908689146053160e-05
7.343840422574794413e-01 2.895913748493473080e-05
7.441109832145321734e-01 3.144632147266725604e-05
7.538379241715849055e-01 3.086643971992919554e-05
7.635648651286376376e-01 2.358801529788819541e-05
7.732918060856903697e-01 3.459089038399799606e-05
7.830187470427429908e-01 3.537000664385026673e-05
7.927456879997957229e-01 3.576405205024445015e-05
8.024726289568484550e-01 3.714281799574955693e-05
8.121995699139010760e-01 3.116279358718082349e-05
8.219265108709539192e-01 3.898594131300613927e-05
8.316534518280065402e-01 3.815100173937096395e-05
8.413803927850593833e-01 4.077189751159260631e-05
8.511073337421120044e-01 4.204552668659246615e-05
8.608342746991646255e-01 4.286414354168767259e-05
8.705612156562174686e-01 4.422448709203732708e-05
8.802881566132700897e-01 4.535084931671816210e-05
8.900150975703227108e-01 8.925100563859590305e-05
8.997420385273755539e-01 1.726266695224915081e-04
9.094689794844282860e-01 3.075457539140432793e-04
9.191959204414809070e-01 4.838996810333591925e-04
9.289228613985337502e-01 5.669044576949813265e-04
9.386498023555863712e-01 6.719302849086052250e-04
9.483767433126389923e-01 3.278533503016245335e-04
9.581036842696918354e-01 6.942269310548917572e-04
9.678306252267444565e-01 6.710674302112226751e-04
9.775575661837971886e-01 7.298572981494556335e-04
9.872845071408499207e-01 7.065941047044747500e-04
9.970114480979026528e-01 4.099941795712791297e-04
1.006738389054955274e+00 6.547318677965453197e-04
1.016465330012008117e+00 8.145950078937743821e-04
1.026192270969060738e+00 8.085166490683622174e-04
1.035919211926113359e+00 7.498459413674700468e-04
1.045646152883166202e+00 7.900558672486052971e-04
1.055373093840218823e+00 7.406232492487268421e-04
1.065100034797271444e+00 8.157621682971486106e-04
1.074826975754324287e+00 7.941702235129733962e-04
1.084553916711376909e+00 7.960302889799366396e-04
1.094280857668429752e+00 7.466693154760444201e-04
1.104007798625482373e+00 8.074616954656639936e-04
1.113734739582535216e+00 7.779184198591476132e-04
1.123461680539587837e+00 7.907283199280294717e-04
1.133188621496640680e+00 8.018141367676961040e-04
1.142915562453693301e+00 6.770997272420604257e-04
1.152642503410745922e+00 7.897236984907682507e-04
1.162369444367798765e+00 7.359956397245018093e-04
1.172096385324851386e+00 6.599031146258458030e-04
1.181823326281904007e+00 4.101606088428533746e-04
1.191550267238956851e+00 6.885115608167329459e-04
1.201277208196009472e+00 7.669149282443495997e-04
1.211004149153062093e+00 8.049615391134909165e-04
1.220731090110114936e+00 7.972565930611512797e-04
1.230458031067167557e+00 7.866296612823289779e-04
1.240184972024220178e+00 8.134765122918291179e-04
1.249911912981273021e+00 8.165019730771695900e-04
1.259638853938325864e+00 7.723021288847823967e-04
1.269365794895378485e+00 7.797360807504979258e-04
1.279092735852431328e+00 8.149818406289408013e-04
1.288819676809483949e+00 7.997243778919701325e-04
1.298546617766536571e+00 7.779790925022800731e-04
1.308273558723589414e+00 8.014736262920904835e-04
1.318000499680642035e+00 8.072380315366080132e-04
1.327727440637694656e+00 7.895589851581027649e-04
1.337454381594747499e+00 7.913208178849442118e-04
1.347181322551800120e+00 7.934103036444930483e-04
1.356908263508852741e+00 7.287313009754824242e-04
1.366635204465905584e+00 7.435165044873066941e-04
1.376362145422958205e+00 7.848561171845681557e-04
1.386089086380010826e+00 7.726477275757439060e-04
1.395816027337063669e+00 7.821962340325085182e-04
1.402624886007000526e+00 7.903978641907314284e-04
1.407488356485526948e+00 7.876400413344190020e-04
1.415269909251169134e+00 7.820495641012280156e-04
1.424996850208221977e+00 7.730768859494256207e-04
1.434723791165274598e+00 7.719018728324343343e-04
1.444450732122327219e+00 7.719896136657821957e-04
1.454177673079380062e+00 7.686808668347689961e-04
1.463904614036432683e+00 7.563392441334587527e-04
1.470713472706369540e+00 7.379631122159391321e-04
1.475576943184895740e+00 7.477853310802991867e-04
1.483358495950538147e+00 7.461407323384803940e-04
1.493085436907590768e+00 7.104784892007921359e-04
1.502812377864643389e+00 6.882122592494575170e-04
1.512539318821696233e+00 7.002550559967655975e-04
1.522266259778748854e+00 7.097845115923223040e-04
1.531993200735801475e+00 7.315062492834532946e-04
1.541720141692854318e+00 7.316622835456409622e-04
1.551447082649906939e+00 7.411496662055306033e-04
1.561174023606959782e+00 7.219156908354232120e-04
1.570900964564012403e+00 7.191159066302276956e-04
1.580627905521065246e+00 7.187228760953183427e-04
1.590354846478117867e+00 7.277392837900145250e-04
1.600081787435170710e+00 7.193428338959329763e-04
1.609808728392223331e+00 7.210896687543547979e-04
1.619535669349275953e+00 7.325328914542347976e-04
1.626344528019213032e+00 7.143713048378548232e-04
1.631207998497739231e+00 7.371436049900824449e-04
1.638989551263381195e+00 7.360043330407458695e-04
1.648716492220434260e+00 7.261512436203505306e-04
1.658443433177486881e+00 7.167944491021449940e-04
1.668170374134539502e+00 7.054060841577027268e-04
1.677897315091592123e+00 7.031862193316951257e-04
1.687624256048644744e+00 7.160173178149043839e-04
1.697351197005697587e+00 7.088562427293643902e-04
1.707078137962750430e+00 7.162823329854984926e-04
1.716805078919803051e+00 6.978545385436331133e-04
1.726532019876855895e+00 7.034058625598808802e-04
1.736258960833908516e+00 7.061757641930734800e-04
1.745985901790961137e+00 7.112784180660227480e-04
1.755712842748013758e+00 7.126488679335303555e-04
1.765439783705066823e+00 6.972783683010067316e-04
1.775166724662119444e+00 7.018514615443430813e-04
1.784893665619172065e+00 6.978226184596322086e-04
1.794620606576224686e+00 6.731036360131536925e-04
1.804347547533277307e+00 6.672730205917972758e-04
1.814074488490329928e+00 6.753721584050809742e-04
1.823801429447382993e+00 6.889831477034648018e-04
1.833528370404435615e+00 6.610614696319752409e-04
1.843255311361488236e+00 6.445498072440389867e-04
1.852982252318540857e+00 6.695154058648900659e-04
1.862709193275593478e+00 6.534903072099664022e-04
1.872436134232646321e+00 6.448231535334263045e-04
1.882163075189699164e+00 6.604919529800163270e-04
1.891890016146751785e+00 6.708872147532364636e-04
1.901616957103804628e+00 6.434870074376239629e-04
1.913289286252267685e+00 6.655200622454055101e-04
1.922043533113615199e+00 6.775296813554036951e-04
1.929825085879257385e+00 6.590709151464792031e-04
1.940524720932015557e+00 6.479770316073525790e-04
1.950251661889068178e+00 6.590978768517169765e-04
1.959978602846120799e+00 6.607944905266601191e-04
1.969705543803173420e+00 6.692634088225222957e-04
1.979432484760226041e+00 6.530947010764758497e-04
1.989159425717278662e+00 6.541149338918496141e-04
1.998886366674331727e+00 6.259511445349985777e-04
2.008613307631384348e+00 6.391513820836208391e-04
2.017367554492731418e+00 6.653038875089414567e-04
2.021258330875552733e+00 6.477366586139147011e-04
2.028067189545489590e+00 6.531492818107507373e-04
2.037794130502542433e+00 6.400393443761474063e-04
2.047521071459594832e+00 6.498609299014390965e-04
2.057248012416648120e+00 6.515478413957611573e-04
2.066974953373700519e+00 6.559942763314261871e-04
2.076701894330753362e+00 6.490112463483257554e-04
2.086428835287805761e+00 6.433392409437924120e-04
2.096155776244858604e+00 6.496517351512018541e-04
2.105882717201911447e+00 6.440351381740328125e-04
2.115609658158964290e+00 6.423145933604015607e-04
2.125336599116016689e+00 6.399814067673399417e-04
2.135063540073069532e+00 6.449417839508286279e-04
2.144790481030122375e+00 6.394167472903233363e-04
2.154517421987174775e+00 6.343050531268556091e-04
2.164244362944227618e+00 6.288125323692423004e-04
2.173971303901280461e+00 6.339200334685986087e-04
2.183698244858333304e+00 6.309282001585571559e-04
2.193425185815385703e+00 6.244819995676627713e-04
2.203152126772438546e+00 6.265566607700451349e-04
2.212879067729490945e+00 6.271724137412959489e-04
2.222606008686543788e+00 6.279774955889644468e-04
2.232332949643596631e+00 6.160283749127107040e-04
2.242059890600649474e+00 6.195582903223993470e-04
2.251786831557701873e+00 6.160504236398184688e-04
2.261513772514754717e+00 5.680944135009087514e-04
2.271240713471807560e+00 6.087749780348966373e-04
2.280967654428859959e+00 6.028693510816174632e-04
2.290694595385912802e+00 6.084259057045268964e-04
2.300421536342965645e+00 6.011359255316501638e-04
2.310148477300018488e+00 6.026457874815202738e-04
2.319875418257070887e+00 5.936907129561364189e-04
2.329602359214123730e+00 5.994278184431578969e-04
2.339329300171176129e+00 5.951331728763320332e-04
2.349056241128229416e+00 5.941539172823413805e-04
2.358783182085281815e+00 5.973074573664485798e-04
2.368510123042334659e+00 5.902711510372885386e-04
2.378237063999387058e+00 5.932166588401842659e-04
2.387964004956439901e+00 5.923127390540806328e-04
2.397690945913492300e+00 5.881382541255493653e-04
2.407417886870545587e+00 5.856042931509084816e-04
2.417144827827597986e+00 5.883402436871515342e-04
2.426871768784650829e+00 5.683212295334571238e-04
2.436598709741703672e+00 5.865423141472759106e-04
2.444380262507345414e+00 5.745464822485219294e-04
2.449243732985872057e+00 5.823648926831197356e-04
2.456052591655808914e+00 5.769451182349744772e-04
2.465779532612861757e+00 5.740884986156558675e-04
2.475506473569914601e+00 5.708647139978281207e-04
2.485233414526967000e+00 5.764375019341567378e-04
2.494960355484019843e+00 5.739451391925202159e-04
2.504687296441072242e+00 5.770534571228347082e-04
2.514414237398125085e+00 5.763742766931146495e-04
2.524141178355177928e+00 5.745661154655688427e-04
2.533868119312230771e+00 5.706402787266467687e-04
2.543595060269283170e+00 5.689224551435205545e-04
2.553322001226336013e+00 5.687608321535604378e-04
2.563048942183388412e+00 5.678847599869804108e-04
2.572775883140441255e+00 5.746616766092474361e-04
2.582502824097494099e+00 5.730443252703132720e-04
2.592229765054546942e+00 5.677622115482783283e-04
2.601956706011599785e+00 5.690146933275474573e-04
2.611683646968652184e+00 5.696087131380634522e-04
2.621410587925705027e+00 5.634513380247698194e-04
2.631137528882757426e+00 5.648559818315857179e-04
2.640864469839810713e+00 5.614494874996192294e-04
2.650591410796863112e+00 5.573680055380487866e-04
2.660318351753915955e+00 5.603524690406119779e-04
2.670045292710968354e+00 5.515164493705431055e-04
2.679772233668021197e+00 5.510955779744495858e-04
2.689499174625073596e+00 5.511903413708932635e-04
2.699226115582126884e+00 5.560782547664437246e-04
2.708953056539179283e+00 5.540207580450254169e-04
2.718679997496232126e+00 5.408352095863810547e-04
2.728406938453284525e+00 5.469325509651332996e-04
2.738133879410337368e+00 5.522736663596256165e-04
2.747860820367390211e+00 5.476038612763051800e-04
2.757587761324443054e+00 5.432092380905668028e-04
2.767314702281495897e+00 5.440734186870970976e-04
2.777041643238548296e+00 5.435039160249724314e-04
2.786768584195601139e+00 5.447144900810754016e-04
2.796495525152653538e+00 5.423808623399485477e-04
2.806222466109706382e+00 5.421858781772814773e-04
2.815949407066759225e+00 5.411475399689032097e-04
2.830539818502338267e+00 5.410450972487239199e-04
2.849993700416443954e+00 5.370245209846547093e-04
2.869447582330549196e+00 5.322906346276471334e-04
2.888901464244654438e+00 5.329557755251288116e-04
2.908355346158760124e+00 5.303948223643092496e-04
2.927809228072865366e+00 5.291423127864566985e-04
2.947263109986970608e+00 5.276418482902705187e-04
2.966716991901076295e+00 5.252932005138837360e-04
2.986170873815181537e+00 5.230772508942829356e-04
3.005624755729286779e+00 5.206856625722009954e-04
3.025078637643392465e+00 5.187658326256470564e-04
3.044532519557497707e+00 5.162367823527580935e-04
3.063986401471602949e+00 5.145065043087866490e-04
3.083440283385708636e+00 5.125083271362758115e-04
3.102894165299813878e+00 5.069071282933235731e-04
3.122348047213919564e+00 5.081950019635444755e-04
3.141801929128024806e+00 5.064316078916237607e-04
3.161255811042130492e+00 5.047557567008386682e-04
3.180709692956235735e+00 5.034904821157010863e-04
3.200163574870341421e+00 5.012573644661870095e-04
3.219617456784446663e+00 5.001950234573919983e-04
3.239071338698551905e+00 4.981650050655175160e-04
3.258525220612657591e+00 4.954307253723216073e-04
3.277979102526762389e+00 4.942867494516887819e-04
3.297432984440868520e+00 4.927011273766819131e-04
3.316886866354973762e+00 4.912980895984102184e-04
3.336340748269079004e+00 4.840578152066956903e-04
3.355794630183184246e+00 4.832282422606508734e-04
3.375248512097289488e+00 4.838720530571444982e-04
3.394702394011395175e+00 4.825297836124928610e-04
3.414156275925500861e+00 4.820836326539778833e-04
3.433610157839606103e+00 4.805019553955790961e-04
3.453064039753711789e+00 4.792687597165976076e-04
3.472517921667817031e+00 4.784062384635354983e-04
3.491971803581922273e+00 4.752930737749225362e-04
3.511425685496027516e+00 4.742554738518104697e-04
3.530879567410133646e+00 4.725556440456540929e-04
3.540606508367185601e+00 4.734775213698379074e-04
3.550333449324238888e+00 4.523189289646284764e-04
3.569787331238344130e+00 4.427398668876494914e-04
3.589241213152449372e+00 4.418930399915490864e-04
3.608695095066554615e+00 4.833508624765332925e-04
3.628148976980659857e+00 4.890971703604596495e-04
3.647602858894765987e+00 5.452076598265568090e-04
3.667056740808871229e+00 5.499092404552806965e-04
3.686510622722976471e+00 5.802152336167738485e-04
3.705964504637081713e+00 6.159738633541313700e-04
3.725418386551186956e+00 5.510038143495600040e-04
3.744872268465292642e+00 6.359641689235413179e-04
3.764326150379398328e+00 6.453699253969636144e-04
3.783780032293503570e+00 5.365261840738418412e-04
3.803233914207609256e+00 6.465843336776756203e-04
3.822687796121714499e+00 6.392332536884953514e-04
3.842141678035819741e+00 6.404102711487325928e-04
3.861595559949924983e+00 5.205049989916655162e-04
3.881049441864031113e+00 6.324019406005207487e-04
3.900503323778136355e+00 6.367290647454876664e-04
3.919957205692241597e+00 6.239099602850466499e-04
3.939411087606346840e+00 6.342416880651380838e-04
3.958864969520452082e+00 6.270095419514430191e-04
3.978318851434557324e+00 5.945707006819002990e-04
3.997772733348663454e+00 5.274521482579379132e-04
4.017226615262768696e+00 6.119367973974744294e-04
4.036680497176874383e+00 6.143042980842431397e-04
4.056134379090979181e+00 6.141012559336549463e-04
4.075588261005084867e+00 6.123145696585854730e-04
4.095042142919189665e+00 6.095113382183253888e-04
4.114496024833296239e+00 6.060934686866464990e-04
4.133949906747401037e+00 6.028446817897180560e-04
4.153403788661506724e+00 5.975936218598458397e-04
4.172857670575611522e+00 5.956332964575180742e-04
4.192311552489717208e+00 5.884003024432835158e-04
4.211765434403822894e+00 5.496628038559773577e-04
4.231219316317928580e+00 5.056312746459720731e-04
4.250673198232033378e+00 5.812293941663000240e-04
4.270127080146139065e+00 5.751935092413557830e-04
4.289580962060244751e+00 5.786200314972526817e-04
4.309034843974349549e+00 5.756505637167895354e-04
4.328488725888455235e+00 5.744547550992529401e-04
4.347942607802560921e+00 5.594219695380432157e-04
4.367396489716666608e+00 5.672279461214068145e-04
4.386850371630771406e+00 5.671878710143632039e-04
4.406304253544877092e+00 5.634498569432578284e-04
4.425758135458981890e+00 5.598342841790784289e-04
4.445212017373087576e+00 5.589056086687444781e-04
4.464665899287193263e+00 5.554863069269378589e-04
4.484119781201298949e+00 5.538603553675416945e-04
4.503573663115403747e+00 5.504889853889248811e-04
4.523027545029509433e+00 5.471746196690129233e-04
4.542481426943615119e+00 5.458976705545365337e-04
4.561935308857719917e+00 5.429208405090263237e-04
4.581389190771825604e+00 5.356623109596934419e-04
4.600843072685931290e+00 5.379527502256245325e-04
4.620296954600036976e+00 5.354423495491603558e-04
4.639750836514141774e+00 5.338679260330119261e-04
4.659204718428247460e+00 5.309977496774346715e-04
4.678658600342352258e+00 5.278530264992504963e-04
4.698112482256458833e+00 5.229976651499135352e-04
4.717566364170563631e+00 4.934234405147326511e-04
4.737020246084669317e+00 4.442751610964246634e-04
4.756474127998774115e+00 5.142108458541643510e-04
4.775928009912879801e+00 5.154834339247118744e-04
4.795381891826984599e+00 5.073422597259526949e-04
4.814835773741091174e+00 5.118428975070029446e-04
4.834289655655195972e+00 5.100729577365320944e-04
4.853743537569301658e+00 5.068064381933964435e-04
4.873197419483407344e+00 4.995380301227878364e-04
4.892651301397512142e+00 5.024109614651733283e-04
4.912105183311617829e+00 4.973459714629995107e-04
4.931559065225723515e+00 4.984865137144335384e-04
4.951012947139829201e+00 4.958221247377086983e-04
4.970466829053933999e+00 4.936747302538436587e-04
4.989920710968039685e+00 4.910097957840573986e-04
5.009374592882144483e+00 4.884114186948206862e-04
5.028828474796250170e+00 4.857044094103114221e-04
5.048282356710355856e+00 4.840953584549092343e-04
5.067736238624461542e+00 4.820446105997890952e-04
5.087190120538566340e+00 4.802426777093436413e-04
5.106644002452672026e+00 4.789063826310832020e-04
5.126097884366776825e+00 4.753387492056591630e-04
5.145551766280882511e+00 4.749543784029379239e-04
5.165005648194988197e+00 4.730247957097786691e-04
5.184459530109093883e+00 4.702537358503954402e-04
5.203913412023199569e+00 4.692744122657468162e-04
5.223367293937304368e+00 4.672360537326813871e-04
5.242821175851410054e+00 4.650721351174759324e-04
5.262275057765514852e+00 4.627483903051685782e-04
5.281728939679621426e+00 4.608377757428987025e-04
5.301182821593726224e+00 4.596321224039752137e-04
5.320636703507831911e+00 4.575331947680179420e-04
5.340090585421936709e+00 4.557854712178713102e-04
5.359544467336042395e+00 4.538429216571043508e-04
5.378998349250147193e+00 4.522258935682242978e-04
5.398452231164253767e+00 4.507665546653681198e-04
5.417906113078358565e+00 4.485751870116149007e-04
5.437359994992464252e+00 4.466020986011912759e-04
5.456813876906569050e+00 4.451740283334479505e-04
5.476267758820674736e+00 4.435646086678871123e-04
5.495721640734780422e+00 4.415145435687807540e-04
5.515175522648886108e+00 4.394450669991704309e-04
5.534629404562991795e+00 4.380837253263092411e-04
5.554083286477096593e+00 4.358299107662631788e-04
5.573537168391202279e+00 4.351469073406452419e-04
5.592991050305307077e+00 4.331238209030790673e-04
5.612444932219412763e+00 4.318268088254277040e-04
5.631898814133518449e+00 4.298893863356226491e-04
5.651352696047624136e+00 4.287784229452280414e-04
5.670806577961728934e+00 4.274494903715307008e-04
5.690260459875834620e+00 4.255985985238222601e-04
5.709714341789939418e+00 4.170493966411735844e-04
5.729168223704045104e+00 4.211142266411544593e-04
5.748622105618150790e+00 4.208833215268482659e-04
5.768075987532256477e+00 4.194010184529896974e-04
5.787529869446361275e+00 4.177490975731765091e-04
5.806983751360466961e+00 4.166657391961571207e-04
5.826437633274572647e+00 4.148355411269240940e-04
5.845891515188677445e+00 4.132962838573338597e-04
5.865345397102784020e+00 4.120942132734699585e-04
5.884799279016888818e+00 4.109189751043658217e-04
5.904253160930994504e+00 4.093134588764322027e-04
5.923707042845099302e+00 4.075833196113725146e-04
5.943160924759204988e+00 4.061563917013033022e-04
5.962614806673309786e+00 4.040195737309355719e-04
5.982068688587416361e+00 4.028363943255333841e-04
6.001522570501521159e+00 4.013033961275217789e-04
6.020976452415626845e+00 4.006016835317530037e-04
6.040430334329731643e+00 3.991980441320200010e-04
6.059884216243837329e+00 3.973732009769751525e-04
6.079338098157943016e+00 3.951298165327802236e-04
6.098791980072048702e+00 3.949559680676140833e-04
6.118245861986153500e+00 3.937469638645938190e-04
6.137699743900259186e+00 3.919846578620895172e-04
6.157153625814364872e+00 3.910569732853037286e-04
6.176607507728469670e+00 3.892070466318095544e-04
6.196061389642575357e+00 3.881730590493115136e-04
6.215515271556681043e+00 3.874009551420685570e-04
6.234969153470786729e+00 3.856689127354088272e-04
6.254423035384891527e+00 3.846592514829502187e-04
6.273876917298997213e+00 3.833680379015275445e-04
6.293330799213102011e+00 3.821213215114783253e-04
6.312784681127207698e+00 3.801684395089560946e-04
6.332238563041313384e+00 3.793625517485947336e-04
6.351692444955419070e+00 3.770717521476036217e-04
6.371146326869523868e+00 3.641636372249209175e-04
6.390600208783629554e+00 3.258169805058964042e-04
6.410054090697735241e+00 3.708399022279695585e-04
6.429507972611840039e+00 3.731428450652711504e-04
6.448961854525945725e+00 3.727011790558094266e-04
6.468415736440051411e+00 3.717102367062465940e-04
6.487869618354157097e+00 3.686733005581121158e-04
6.507323500268261895e+00 3.680575239898297465e-04
6.526777382182367582e+00 3.681710465050439386e-04
6.546231264096472380e+00 3.674745395160329358e-04
6.565685146010578954e+00 3.660569941287415870e-04
6.585139027924682864e+00 3.650706130859547789e-04
6.604592909838789438e+00 3.638684786138512896e-04
6.624046791752895125e+00 3.627696198804403627e-04
6.643500673666999923e+00 3.618416892999474230e-04
6.662954555581105609e+00 3.603805768930996856e-04
6.682408437495210407e+00 3.594899414849637206e-04
6.701862319409316093e+00 3.586376215294987953e-04
6.721316201323420891e+00 3.574448443799569069e-04
6.740770083237527466e+00 3.562588255752752197e-04
6.760223965151633152e+00 3.549574533497220036e-04
6.779677847065737950e+00 3.541127186333133526e-04
6.799131728979843636e+00 3.528789241004842768e-04
6.818585610893948434e+00 3.515247808194195693e-04
6.838039492808054121e+00 3.508334715939199415e-04
6.857493374722160695e+00 3.499110514897589130e-04
6.876947256636264605e+00 3.459481741762950252e-04
6.896401138550371179e+00 3.476910037929272510e-04
6.915855020464475089e+00 3.463641391338415391e-04
6.935308902378581664e+00 3.451709342544172676e-04
6.954762784292685573e+00 3.442726132060171728e-04
6.974216666206792148e+00 3.435315564414496135e-04
6.993670548120897834e+00 3.418773921798411533e-04
7.013124430035002632e+00 3.412869852563174479e-04
7.032578311949108318e+00 3.401751637120987970e-04
7.052032193863213116e+00 3.397182411404486217e-04
7.071486075777319691e+00 3.388040191428656278e-04
7.090939957691425377e+00 3.360451575393406617e-04
7.110393839605530175e+00 3.366208872254312923e-04
7.129847721519635861e+00 3.357894436670093470e-04
7.149301603433740659e+00 3.348638662390097985e-04
7.168755485347846346e+00 3.342994894964933933e-04
7.188209367261951144e+00 3.329723515503760591e-04
7.207663249176056830e+00 3.314805743768694623e-04
7.227117131090163404e+00 3.311300401905774922e-04
7.246571013004267314e+00 3.303802273330237347e-04
7.266024894918373889e+00 3.294655390478013813e-04
7.285478776832477799e+00 3.284965422764441335e-04
7.304932658746584373e+00 3.276817542481361384e-04
7.324386540660690059e+00 3.270153558367577904e-04
7.343840422574794857e+00 3.263194311475032692e-04
7.363294304488900544e+00 3.252679667368698247e-04
7.382748186403005342e+00 3.242903602751493679e-04
7.402202068317111028e+00 3.235330247704975909e-04
7.421655950231215826e+00 3.227274584195192249e-04
7.441109832145322400e+00 3.219299341642523960e-04
7.460563714059428087e+00 3.204194206160489449e-04
7.480017595973532885e+00 3.202838828119743846e-04
7.499471477887638571e+00 3.187611236996358544e-04
7.518925359801743369e+00 3.182839065031294935e-04
7.538379241715849055e+00 3.172779015172676621e-04
7.557833123629953853e+00 3.160343873626748987e-04
7.577287005544059539e+00 3.159837841145367960e-04
7.596740887458166114e+00 3.152593948657050459e-04
7.616194769372270024e+00 3.142797864089286360e-04
7.635648651286376598e+00 3.133649600469005968e-04
7.655102533200481396e+00 3.123530100292517034e-04
7.674556415114587082e+00 3.109737434553683190e-04
7.694010297028692769e+00 3.098907258149991430e-04
7.713464178942797567e+00 3.091347736950180716e-04
7.732918060856903253e+00 3.081237181301512557e-04
7.752371942771008051e+00 3.081162503358012309e-04
7.771825824685114625e+00 3.073042587471961924e-04
7.791279706599218535e+00 3.064032796735873627e-04
7.810733588513325110e+00 3.058600967286269822e-04
7.830187470427430796e+00 3.048468079083474828e-04
7.849641352341535594e+00 3.042076940210436745e-04
7.869095234255641280e+00 3.027996703769400208e-04
7.888549116169746078e+00 3.022426134406346987e-04
7.908002998083851764e+00 3.019549388745541136e-04
7.927456879997958339e+00 3.010065336418644055e-04
7.946910761912062249e+00 3.005286362552549097e-04
7.966364643826168823e+00 2.991495057339525645e-04
7.985818525740273621e+00 2.910371180583159567e-04
8.005272407654379307e+00 2.908588206382475274e-04
8.024726289568484106e+00 2.905115703676013181e-04
8.044180171482590680e+00 2.893426918620658973e-04
8.063634053396695478e+00 2.880687248437733216e-04
8.083087935310800276e+00 2.855199744068168729e-04
8.102541817224906850e+00 2.832914544897796008e-04
8.121995699139011649e+00 2.828385902615962108e-04
8.141449581053116447e+00 2.802310686610321898e-04
8.160903462967223021e+00 2.802756644853127707e-04
8.180357344881327819e+00 2.810955563171226631e-04
8.199811226795434393e+00 2.834929780774087665e-04
8.219265108709537415e+00 2.839127570847984326e-04
8.238718990623643990e+00 2.763490839658909958e-04
8.258172872537748788e+00 2.896833771485886702e-04
8.277626754451855362e+00 2.733791370171309034e-04
8.297080636365960160e+00 2.914116182431356603e-04
8.316534518280064958e+00 2.640965661430179508e-04
8.335988400194171533e+00 2.947801051736548533e-04
8.355442282108276331e+00 2.801549619537177060e-04
8.374896164022382905e+00 2.767228633507160299e-04
8.394350045936487703e+00 2.948722198288532595e-04
8.413803927850592501e+00 2.885157094753383806e-04
8.433257809764699076e+00 2.581441008456582405e-04
8.452711691678803874e+00 2.907438074219756245e-04
8.472165573592908672e+00 2.939466392709118216e-04
8.491619455507013470e+00 2.891348030736512801e-04
8.511073337421120044e+00 2.605048041198022640e-04
8.530527219335226619e+00 2.846457527872710866e-04
8.549981101249329640e+00 2.914708844656536024e-04
8.569434983163436215e+00 2.907653457971743813e-04
8.588888865077541013e+00 2.892524698734376181e-04
8.608342746991647587e+00 2.786481285283122803e-04
8.627796628905752385e+00 2.574475426093012984e-04
8.647250510819857183e+00 2.856902396937369289e-04
8.666704392733963758e+00 2.879861509119667918e-04
8.686158274648068556e+00 2.873517674916257342e-04
8.705612156562175130e+00 2.869301202367750370e-04
8.725066038476278152e+00 2.860134003280537479e-04
8.744519920390384726e+00 2.821095096131152761e-04
8.763973802304491301e+00 2.554372016001455544e-04
8.783427684218596099e+00 2.697699316471124280e-04
8.802881566132700897e+00 2.822536138031591746e-04
8.822335448046805695e+00 2.816388034606308343e-04
8.841789329960912269e+00 2.808323097195211454e-04
8.861243211875018844e+00 2.815886656392572974e-04
8.880697093789121865e+00 2.813573553649721865e-04
8.900150975703228440e+00 2.807206478481004516e-04
8.919604857617333238e+00 2.794828031127190196e-04
8.939058739531439812e+00 2.783936791309961118e-04
8.958512621445544610e+00 2.715725306233533970e-04
8.977966503359649408e+00 2.445008410000908366e-04
8.997420385273755983e+00 2.694163585269055620e-04
9.016874267187860781e+00 2.744893618693920300e-04
9.036328149101967355e+00 2.756948026819044440e-04
9.055782031016070377e+00 2.751673062606076301e-04
9.075235912930176951e+00 2.749607933582220911e-04
9.094689794844283526e+00 2.741537325791170679e-04
9.114143676758388324e+00 2.731257431156936932e-04
9.133597558672493122e+00 2.730382892189126237e-04
9.153051440586597920e+00 2.712576722296296630e-04
9.172505322500704494e+00 2.717590036485259780e-04
9.191959204414809292e+00 2.707123856897923251e-04
9.211413086328914090e+00 2.698023247388087902e-04
9.230866968243020665e+00 2.695082791627003978e-04
9.250320850157125463e+00 2.668956535579634025e-04
9.269774732071232037e+00 2.603496205230697736e-04
9.289228613985336835e+00 2.363320201750221481e-04
9.308682495899441633e+00 2.617214744089780545e-04
9.328136377813548208e+00 2.656527090921758294e-04
9.347590259727653006e+00 2.651188215378086528e-04
9.367044141641759580e+00 2.644598116794164250e-04
9.386498023555862602e+00 2.641559247619770854e-04
9.405951905469969176e+00 2.635616527949609291e-04
9.425405787384073975e+00 2.634092043249896924e-04
9.444859669298180549e+00 2.625023257078775677e-04
9.464313551212285347e+00 2.621042971736137163e-04
9.483767433126390145e+00 2.614332037229676292e-04
9.503221315040496719e+00 2.610450828301263894e-04
9.522675196954601518e+00 2.600104993637951324e-04
9.542129078868706316e+00 2.602060840667042496e-04
9.561582960782812890e+00 2.595864595794816396e-04
9.581036842696917688e+00 2.590668116400978663e-04
9.600490724611024262e+00 2.583241460087033802e-04
9.619944606525129061e+00 2.576455527693271414e-04
9.639398488439233859e+00 2.571216882570559145e-04
9.658852370353338657e+00 2.566794505291996134e-04
9.678306252267445231e+00 2.561351781788496042e-04
9.697760134181551805e+00 2.554992468510250414e-04
9.717214016095654827e+00 2.546765172708600556e-04
9.751258309445340444e+00 2.469865287350475353e-04
9.799893014230605104e+00 2.419413061782877945e-04
9.848527719015867987e+00 2.505191584606345249e-04
9.897162423801130871e+00 2.495579801437059668e-04
9.945797128586393754e+00 2.483411510146090882e-04
9.994431833371658414e+00 2.472974059247217337e-04
1.004306653815692130e+01 2.451568019789687573e-04
1.009170124294218418e+01 2.442922379838167470e-04
1.014033594772744884e+01 2.432787259565306317e-04
1.018897065251271172e+01 2.417311032920108429e-04
1.023760535729797638e+01 2.407798439210997977e-04
1.028624006208323927e+01 2.393447611687661233e-04
1.033487476686850393e+01 2.380341432611266807e-04
1.038350947165376681e+01 2.361552758838944424e-04
1.043214417643902969e+01 2.355113733207594127e-04
1.048077888122429258e+01 2.341768877260379722e-04
1.052941358600955724e+01 2.316035888816704894e-04
1.057804829079482012e+01 2.313119527682924790e-04
1.062668299558008300e+01 2.182641727587237993e-04
1.067531770036534766e+01 2.264718286000128023e-04
1.072395240515061055e+01 2.282362083605357899e-04
1.077258710993587520e+01 2.277267388197261636e-04
1.082122181472113809e+01 2.265476882806097367e-04
1.086985651950640275e+01 2.252887432188015540e-04
1.091849122429166563e+01 2.243911894936071664e-04
1.096712592907693029e+01 2.229287954685412474e-04
1.101576063386219140e+01 2.219550265686017279e-04
1.106439533864745606e+01 2.209188376482547833e-04
1.111303004343271894e+01 2.196204646893306766e-04
1.116166474821798360e+01 2.191365687827646317e-04
1.121029945300324648e+01 2.181555274652391711e-04
1.125893415778850937e+01 2.169555909957910007e-04
1.130756886257377403e+01 2.154199093745451539e-04
1.135620356735903691e+01 2.146489697077353699e-04
1.140483827214430157e+01 2.141631906901200419e-04
1.145347297692956445e+01 2.126106239353480073e-04
1.150210768171482911e+01 2.117755856308755919e-04
1.155074238650009200e+01 2.104033913843841148e-04
1.159937709128535488e+01 2.103266631668132037e-04
1.164801179607061776e+01 2.080178177249651986e-04
1.169664650085588242e+01 2.082202196541751743e-04
1.174528120564114531e+01 2.071099764920011899e-04
1.179391591042640819e+01 2.064270258370304258e-04
1.184255061521167285e+01 2.057170664772875782e-04
1.189118531999693573e+01 2.047842813642293427e-04
1.193982002478220039e+01 2.038003317156900117e-04
1.198845472956746327e+01 2.030073690529579557e-04
1.203708943435272793e+01 2.021222047799664761e-04
1.208572413913799082e+01 2.013089698966910688e-04
1.213435884392325370e+01 2.005010953477145432e-04
1.218299354870851658e+01 1.994622140188811446e-04
1.223162825349378124e+01 1.987507881174641186e-04
1.228026295827904413e+01 1.978949419330071238e-04
1.232889766306430701e+01 1.970887552354467934e-04
1.237753236784957167e+01 1.962953250490395815e-04
1.242616707263483455e+01 1.940843462955698230e-04
1.247480177742009921e+01 1.843462493490288106e-04
1.252343648220536210e+01 1.931372391674514592e-04
1.257207118699062676e+01 1.929995685094719341e-04
1.262070589177588964e+01 1.922894993598086319e-04
1.266934059656115252e+01 1.917578650165562145e-04
1.271797530134641541e+01 1.911160865952177767e-04
1.276661000613168007e+01 1.901454425557320407e-04
1.281524471091694295e+01 1.893882768636862707e-04
1.286387941570220761e+01 1.888840114048551447e-04
1.291251412048747049e+01 1.878148190179985912e-04
1.296114882527273338e+01 1.874219791164281055e-04
1.300978353005799804e+01 1.866792548982984924e-04
1.305841823484326092e+01 1.861661778495281338e-04
1.310705293962852558e+01 1.855201212663731359e-04
1.315568764441379024e+01 1.848524283801690092e-04
1.320432234919905135e+01 1.839022584122006838e-04
1.325295705398431600e+01 1.831635192752306381e-04
1.330159175876957889e+01 1.827599469791538959e-04
1.335022646355484355e+01 1.821664810279527305e-04
1.339886116834010465e+01 1.815787023536024171e-04
1.344749587312536931e+01 1.810182472402836870e-04
1.349613057791063397e+01 1.801666995735164622e-04
1.354476528269589508e+01 1.798649786769110890e-04
1.359339998748115974e+01 1.793328673654673289e-04
1.364203469226642440e+01 1.784323975954538904e-04
1.369066939705168906e+01 1.781778475441701121e-04
1.373930410183695017e+01 1.774079105104308903e-04
1.378793880662221483e+01 1.770880621173527071e-04
1.383657351140747771e+01 1.761450605383242467e-04
1.388520821619274237e+01 1.754601793150329866e-04
1.393384292097800348e+01 1.753174809660507072e-04
1.398247762576326814e+01 1.749676507437887367e-04
1.403111233054853280e+01 1.736145427144360762e-04
1.407974703533379390e+01 1.738961034614722623e-04
1.412838174011905856e+01 1.728911772989704494e-04
1.417215297442579569e+01 1.726648714478453350e-04
1.422078767921106035e+01 1.691255743927333596e-04
1.427428585447484899e+01 1.687079286324748816e-04
1.432292055926011365e+01 1.678029303022354919e-04
1.437155526404537653e+01 1.675290401195415066e-04
1.442018996883064119e+01 1.669684883432469215e-04
1.446882467361590230e+01 1.659317326669985980e-04
1.451745937840116696e+01 1.659094049943691228e-04
1.456609408318643162e+01 1.652650824848914189e-04
1.461472878797169273e+01 1.640050474558670890e-04
1.466336349275695738e+01 1.635361379433290558e-04
1.471199819754222204e+01 1.638957164754552742e-04
1.476063290232748670e+01 1.637785523111067376e-04
1.480926760711274781e+01 1.644213006783081963e-04
1.485790231189801247e+01 1.624212075562175156e-04
1.490653701668327713e+01 1.623999055810600384e-04
1.495517172146854001e+01 1.637767734461015160e-04
1.500380642625380290e+01 1.612954321715874908e-04
1.505244113103906578e+01 1.635324045773556994e-04
1.510107583582433044e+01 1.632251612964989132e-04
1.514971054060959510e+01 1.587607487953241717e-04
1.519834524539485621e+01 1.633004438949638756e-04
1.524697995018012087e+01 1.611309143983154181e-04
1.529561465496538553e+01 1.585585455680339957e-04
1.534424935975064663e+01 1.609754166699800364e-04
1.539288406453591129e+01 1.611934634429299602e-04
1.544151876932117595e+01 1.550162670441878232e-04
1.549015347410643884e+01 1.605113890404419059e-04
1.553878817889170172e+01 1.603675092055572410e-04
1.561174023606959693e+01 1.594497410423959959e-04
1.570900964564012270e+01 1.561115502504212737e-04
1.580627905521065202e+01 1.584532592143432907e-04
1.590354846478117778e+01 1.570167741970230344e-04
1.600081787435170710e+01 1.523892544571033990e-04
1.609808728392223287e+01 1.555695668850997759e-04
1.619535669349276219e+01 1.536110094389692767e-04
1.629262610306328796e+01 1.517956496838812164e-04
1.638989551263381372e+01 1.477359756563183441e-04
1.648716492220433949e+01 1.505014576890047120e-04
1.658443433177486881e+01 1.486996597379881650e-04
1.668170374134539458e+01 1.479157605225759687e-04
1.677897315091592034e+01 1.465437208327485352e-04
1.687624256048644966e+01 1.413275992914353625e-04
1.697351197005697543e+01 1.439178384024165816e-04
1.707078137962750475e+01 1.431711442885966841e-04
1.716805078919803051e+01 1.421248319570927727e-04
1.726532019876855983e+01 1.409648848795453302e-04
1.736258960833908560e+01 1.399418902297886022e-04
1.745985901790961137e+01 1.389127665497294137e-04
1.755712842748013713e+01 1.375920450986430478e-04
1.765439783705066645e+01 1.332806267406117179e-04
1.775166724662119222e+01 1.349765569857316828e-04
1.784893665619171799e+01 1.345541457892671057e-04
1.794620606576224731e+01 1.333909892287598827e-04
1.804347547533277307e+01 1.325063891234852596e-04
1.814074488490330239e+01 1.310904514507183545e-04
1.823801429447382816e+01 1.266650703058521852e-04
1.833528370404435748e+01 1.293966993147208154e-04
1.843255311361488324e+01 1.280611545560409587e-04
1.852982252318541256e+01 1.276462151423319864e-04
1.862709193275593833e+01 1.267214065775295868e-04
1.872436134232646410e+01 1.258256947391644270e-04
1.882163075189698986e+01 1.245464913709790988e-04
1.891890016146751563e+01 1.204955882217935165e-04
1.901616957103804495e+01 1.228016692950939211e-04
1.911343898060857072e+01 1.221497206602701734e-04
1.921070839017910004e+01 1.211160256312340979e-04
1.930797779974962580e+01 1.203729102615894983e-04
1.940524720932015512e+01 1.195613965219966907e-04
1.950251661889068089e+01 1.189298613774163340e-04
1.959978602846121021e+01 1.181461252894841539e-04
1.969705543803173597e+01 1.171384231434360505e-04
1.979432484760226174e+01 1.162437241345758209e-04
1.989159425717278751e+01 1.156972111142612455e-04
1.998886366674331683e+01 1.148245406220810755e-04
2.008613307631384259e+01 1.139456738409949324e-04
2.018340248588436836e+01 1.132259894322741638e-04
2.028067189545489768e+01 1.125016383281119520e-04
2.037794130502542345e+01 1.115896976024715215e-04
2.047521071459595277e+01 1.110251927322770797e-04
2.057248012416647853e+01 1.101317595376549995e-04
2.066974953373700785e+01 1.094690880666934421e-04
2.076701894330753362e+01 1.088194999056086649e-04
2.086428835287805938e+01 1.080847261750206864e-04
2.096155776244858515e+01 1.072673982440730420e-04
2.105882717201911447e+01 1.039820120930953187e-04
2.115609658158964024e+01 1.056170622655842515e-04
2.125336599116016600e+01 1.051003464474748410e-04
2.135063540073069532e+01 1.045395355592287158e-04
2.144790481030122109e+01 1.036402156615549700e-04
2.154517421987175041e+01 1.031690409576373614e-04
2.164244362944227618e+01 1.023348413790224702e-04
2.173971303901280550e+01 1.017380377702170423e-04
2.183698244858333126e+01 1.011235968051044819e-04
2.193425185815386058e+01 1.004371202555687822e-04
2.203152126772438280e+01 9.977047665601476343e-05
2.212879067729491211e+01 9.919094494112651664e-05
2.222606008686543788e+01 9.676660579542753591e-05
2.232332949643596720e+01 9.213912149890679450e-05
2.242059890600649297e+01 9.379818422236347773e-05
2.251786831557701873e+01 9.342056096736238869e-05
2.261513772514754805e+01 8.930692968849453901e-05
2.271240713471807382e+01 9.108253118962660651e-05
2.280967654428860314e+01 9.077698993183553288e-05
2.290694595385912891e+01 8.684854229043521931e-05
2.300421536342965823e+01 8.869545714398548457e-05
2.310148477300018399e+01 8.848329789350691302e-05
2.319875418257070976e+01 8.513665071541332170e-05
2.329602359214123553e+01 8.661993230198367956e-05
2.339329300171176484e+01 8.667962828989562952e-05
2.349056241128229061e+01 8.382632437688747220e-05
2.358783182085281638e+01 8.529103558390895489e-05
2.368510123042334570e+01 8.502858898206830331e-05
2.378237063999387146e+01 8.312067484767281028e-05
2.387964004956440078e+01 8.334182069721813863e-05
2.397690945913492655e+01 8.384110545048136735e-05
2.407417886870545587e+01 8.270158462044658286e-05
2.417144827827598164e+01 8.192444669110172061e-05
2.426871768784650740e+01 8.170198225929395841e-05
2.436598709741703317e+01 8.309865358285990766e-05
2.446325650698756249e+01 8.074358742851434241e-05
2.456052591655808826e+01 8.040492632614476207e-05
2.465779532612861402e+01 8.138009302398709673e-05
2.475506473569914334e+01 8.064217751525334249e-05
2.485233414526966911e+01 8.006139518436174748e-05
2.494960355484019843e+01 7.896805316923929550e-05
2.504687296441072419e+01 7.994925677997631347e-05
2.514414237398125351e+01 7.868728140554448361e-05
2.524141178355177928e+01 7.889364795006994645e-05
2.533868119312230505e+01 7.851834815205945093e-05
2.543595060269283081e+01 7.689087911298059035e-05
2.553322001226336013e+01 7.593970878627499875e-05
2.563048942183388590e+01 7.747981146150280439e-05
2.572775883140441522e+01 7.740365361835223595e-05
2.582502824097494099e+01 7.680849491101799753e-05
2.592229765054546675e+01 7.615365036736010580e-05
2.601956706011599607e+01 7.519829775740242777e-05
2.611683646968652184e+01 7.592229293528260760e-05
2.621410587925705116e+01 7.547056506744119660e-05
2.631137528882758048e+01 7.535020055699715911e-05
2.640864469839810269e+01 7.497983925286322445e-05
2.650591410796863201e+01 7.475532947104617399e-05
2.660318351753915778e+01 7.414681894681170952e-05
2.670045292710968710e+01 7.394096381590355247e-05
2.679772233668020931e+01 7.255687017606740695e-05
2.689499174625073863e+01 7.294301457707782208e-05
2.699226115582126795e+01 7.288781850184785076e-05
2.708953056539179016e+01 7.264616395685058719e-05
2.718679997496231948e+01 7.241660383529191394e-05
2.728406938453284880e+01 7.203649176585949217e-05
2.738133879410337812e+01 7.163893317667233617e-05
2.747860820367390033e+01 7.133212278641726494e-05
2.757587761324442965e+01 7.105701862618232344e-05
2.767314702281495542e+01 7.068677794834961347e-05
2.777041643238548474e+01 7.032320933109001632e-05
2.786768584195600695e+01 6.977032072109312047e-05
2.796495525152653627e+01 6.838448427244477816e-05
2.806222466109706559e+01 6.927386588585921488e-05
2.815949407066758781e+01 6.900917444416327317e-05
2.825676348023811713e+01 6.866971426711535932e-05
2.835403288980864644e+01 6.835853757909385504e-05
2.845130229937917576e+01 6.796708763037536305e-05
2.854857170894969798e+01 6.772654561484839494e-05
2.864584111852022730e+01 6.734058431445732237e-05
2.874311052809075306e+01 6.702780104878063245e-05
2.884037993766128238e+01 6.673218951807767443e-05
2.893764934723180460e+01 6.640096399645620208e-05
2.903491875680233392e+01 6.607250686686157973e-05
2.913218816637286324e+01 6.574952411943837125e-05
2.922945757594338545e+01 6.541930797604666125e-05
2.932672698551391477e+01 6.511455840648511446e-05
2.942399639508444409e+01 6.474964712593194187e-05
2.952126580465497341e+01 6.345032075006707458e-05
2.961853521422549562e+01 6.369682869751959031e-05
2.971580462379602494e+01 6.380616590504678608e-05
2.981307403336655426e+01 6.351448494942252645e-05
2.991034344293708003e+01 6.323360723017043897e-05
3.000761285250760579e+01 6.290605401016611468e-05
3.010488226207813156e+01 6.259715163614101873e-05
3.020215167164866088e+01 6.232693653951031706e-05
3.029942108121919020e+01 6.192169766839022808e-05
3.039669049078971241e+01 6.170430241490671938e-05
3.049395990036024173e+01 6.141354115241045620e-05
3.059122930993077105e+01 6.111680986466098563e-05
3.068849871950129327e+01 6.077929286320051661e-05
3.078576812907182259e+01 6.052021306773286690e-05
3.088303753864235190e+01 6.023570558305665760e-05
3.098030694821287767e+01 5.995170472495256350e-05
3.107757635778340344e+01 5.967320221998586286e-05
3.122348047213919386e+01 5.923119513491597297e-05
3.141801929128024540e+01 5.866483603671307062e-05
3.161255811042130404e+01 5.810852649575123214e-05
3.180709692956235557e+01 5.754385719637473490e-05
3.200163574870341421e+01 5.535366746571886837e-05
3.219617456784446574e+01 5.539143757670518157e-05
3.239071338698552438e+01 5.501124694686083374e-05
3.258525220612657591e+01 5.458407365586111188e-05
3.277979102526762745e+01 5.412114496210708225e-05
3.297432984440867898e+01 5.364902045344372198e-05
3.316886866354973762e+01 5.320625015530899561e-05
3.336340748269078915e+01 5.281382677080691094e-05
3.355794630183184069e+01 5.238645512103666546e-05
3.375248512097289932e+01 5.196443901636386346e-05
3.394702394011395086e+01 5.154954659298589006e-05
3.414156275925500950e+01 5.115448339580160275e-05
3.433610157839606103e+01 5.074338940704600873e-05
3.453064039753711967e+01 5.033827043787206604e-05
3.472517921667817120e+01 4.992213729096971772e-05
3.491971803581922273e+01 4.966450048211791134e-05
3.511425685496027427e+01 4.915952006965971572e-05
3.530879567410133291e+01 4.894137189344806852e-05
3.550333449324238444e+01 4.837982691883291304e-05
3.569787331238343597e+01 4.819675184249430590e-05
3.589241213152449461e+01 4.760493462372890789e-05
3.608695095066554615e+01 4.744560895497861643e-05
3.628148976980660478e+01 4.693576187955346142e-05
3.647602858894765632e+01 4.622382550262405649e-05
3.667056740808871496e+01 4.645500500288618880e-05
3.686510622722976649e+01 4.614113004670616225e-05
3.705964504637082513e+01 4.564421833971625330e-05
3.725418386551187666e+01 4.538017678517367438e-05
3.744872268465292819e+01 4.518237913616821581e-05
3.764326150379397973e+01 4.484715278057420878e-05
3.783780032293503126e+01 4.451772602945233860e-05
3.803233914207608990e+01 4.394848079184360729e-05
3.822687796121714143e+01 4.391822538950973807e-05
3.842141678035820007e+01 4.361156925237197199e-05
3.861595559949925160e+01 4.332407984644812523e-05
3.881049441864031024e+01 4.298670317566663843e-05
3.900503323778136178e+01 4.259056116215691418e-05
3.919957205692242042e+01 4.220957269819677649e-05
3.939411087606347195e+01 4.173428844788830682e-05
3.958864969520452348e+01 4.184515204361601595e-05
3.978318851434557502e+01 4.157783036293874636e-05
3.997772733348663365e+01 4.130916577595780117e-05
4.017226615262768519e+01 4.103038482739851579e-05
4.036680497176873672e+01 4.073993617501352524e-05
4.056134379090979536e+01 4.016504607262183849e-05
4.075588261005084689e+01 4.018409019678860288e-05
4.095042142919190553e+01 3.990949379695880108e-05
4.114496024833295706e+01 3.968810992945914128e-05
4.133949906747401570e+01 3.940276133593545720e-05
4.153403788661506724e+01 3.916600749513243497e-05
4.172857670575611877e+01 3.830163411879838241e-05
4.192311552489717030e+01 3.758456005160432003e-05
4.211765434403822894e+01 3.771047128373372127e-05
4.231219316317928048e+01 3.687647544508472768e-05
4.250673198232033201e+01 3.629205265212736577e-05
4.270127080146139065e+01 3.621330782280330571e-05
4.289580962060244218e+01 3.545967051119929139e-05
4.309034843974350082e+01 3.538046465147493317e-05
4.328488725888455235e+01 3.504641155273142478e-05
4.347942607802561099e+01 3.376637388550386432e-05
4.367396489716666252e+01 3.401821648769806021e-05
4.386850371630772116e+01 3.370641358882942934e-05
4.406304253544876559e+01 3.329451995555548924e-05
4.425758135458982423e+01 3.340634808594650560e-05
4.445212017373087576e+01 3.333170273279224165e-05
4.464665899287193440e+01 3.282502608462609556e-05
4.484119781201298593e+01 3.307806772950945079e-05
4.503573663115403747e+01 3.285665525757808795e-05
4.523027545029509611e+01 3.250494423448571792e-05
4.542481426943614764e+01 3.250172717963377509e-05
4.561935308857720628e+01 3.264345846917053834e-05
4.581389190771825781e+01 3.250198617904388965e-05
4.600843072685931645e+01 3.265925879217053445e-05
4.620296954600036798e+01 3.248307705845329425e-05
4.639750836514141952e+01 3.242572203856128039e-05
4.659204718428247105e+01 3.235393194528645181e-05
4.678658600342352969e+01 3.215043109584817595e-05
4.698112482256458122e+01 3.233992012696861235e-05
4.717566364170563276e+01 3.219682294282456391e-05
4.737020246084669139e+01 3.203508386656077122e-05
4.756474127998774293e+01 3.203699499318489967e-05
4.775928009912880157e+01 3.193344625634614000e-05
4.795381891826985310e+01 3.187792697693951009e-05
4.814835773741091174e+01 3.179219467176086527e-05
4.834289655655196327e+01 3.181232131155182781e-05
4.853743537569301481e+01 3.173283007397434603e-05
4.873197419483406634e+01 3.173879860238655186e-05
4.892651301397512498e+01 3.168006143576942367e-05
4.912105183311617651e+01 3.151211503150299210e-05
4.931559065225722804e+01 3.150948871570750996e-05
4.951012947139828668e+01 3.150713283724245541e-05
4.970466829053933822e+01 3.137378693697895181e-05
4.989920710968039685e+01 3.114176513619724463e-05
5.009374592882144839e+01 3.131378520738397291e-05
5.028828474796250703e+01 3.142831490387811802e-05
5.048282356710355856e+01 3.128839457657987447e-05
5.067736238624461009e+01 3.125514883207037073e-05
5.087190120538566163e+01 3.121405189425081498e-05
5.106644002452672026e+01 3.124137052036204666e-05
5.126097884366777180e+01 3.132884743270419176e-05
5.145551766280883044e+01 3.113127665584805543e-05
5.165005648194988197e+01 3.109924012594166102e-05
5.184459530109093350e+01 3.113395516980450585e-05
5.203913412023199214e+01 3.111158553892545237e-05
5.223367293937304368e+01 3.110788185766342974e-05
5.242821175851410231e+01 3.110394470323349787e-05
5.262275057765516095e+01 3.108573620092004166e-05
5.281728939679620538e+01 3.100612280871227683e-05
5.301182821593726402e+01 3.107881066226515646e-05
5.320636703507831555e+01 3.101368051840358060e-05
5.340090585421937419e+01 3.101897198347713740e-05
5.359544467336041862e+01 3.097826120760055306e-05
5.378998349250147726e+01 3.113535439594707001e-05
5.398452231164253590e+01 3.095429547793970495e-05
5.417906113078358032e+01 3.107229369444172175e-05
5.437359994992463896e+01 3.100159948250024518e-05
5.456813876906569760e+01 3.105033438233106477e-05
5.476267758820675624e+01 3.096884653992444181e-05
5.495721640734780067e+01 3.104731828583621398e-05
5.515175522648885931e+01 3.102931241940531861e-05
5.534629404562991084e+01 3.096331916700572620e-05
5.554083286477096948e+01 3.104676389960566097e-05
5.573537168391201391e+01 3.104429257294295347e-05
5.592991050305307255e+01 3.104431734907448507e-05
5.612444932219413118e+01 3.102995389356278197e-05
5.631898814133517561e+01 3.108431248896757277e-05
5.651352696047623425e+01 3.105432737486240544e-05
5.670806577961729289e+01 3.106844560661156814e-05
5.690260459875835153e+01 3.109252471626509370e-05
5.709714341789939596e+01 3.106409797133869626e-05
5.729168223704045459e+01 3.107271100599526693e-05
5.748622105618150613e+01 3.090416533988406462e-05
5.768075987532256477e+01 3.111965149733161943e-05
5.787529869446360919e+01 3.112247315802334593e-05
5.806983751360466783e+01 3.116697012455857288e-05
5.826437633274572647e+01 3.117783824674803843e-05
5.845891515188677090e+01 3.119841179340201206e-05
5.865345397102782954e+01 3.120917066146754133e-05
5.884799279016888818e+01 3.119428477886378653e-05
5.904253160930994682e+01 3.122150944112512692e-05
5.923707042845099124e+01 3.124070297006277460e-05
5.943160924759204988e+01 3.124496852346043453e-05
5.962614806673310852e+01 3.128039309641324781e-05
5.982068688587416005e+01 3.130926389423948324e-05
6.001522570501521159e+01 3.135254830291870059e-05
6.020976452415626312e+01 3.137022809691020149e-05
6.040430334329732176e+01 3.140385580161721873e-05
6.059884216243838040e+01 3.141451591899595492e-05
6.079338098157942483e+01 3.141863651333803219e-05
6.098791980072048347e+01 3.145099013644438385e-05
6.118245861986154210e+01 3.147797334575295233e-05
6.137699743900258653e+01 3.150624735072898961e-05
6.157153625814364517e+01 3.155503778677622260e-05
6.176607507728470381e+01 3.156885705724979575e-05
6.196061389642575534e+01 3.162864747027099074e-05
6.215515271556680688e+01 3.162300757249379842e-05
6.244696094427838773e+01 3.169013220818217645e-05
6.283603858256049080e+01 3.175120275336755672e-05
6.322511622084260807e+01 3.182973167773641381e-05
6.361419385912471114e+01 3.189786573164442296e-05
6.400327149740682842e+01 3.198649305652900393e-05
6.439234913568893148e+01 3.206069680262313713e-05
6.478142677397104876e+01 3.214730465989948350e-05
6.517050441225315183e+01 3.224036456028082432e-05
6.555958205053525489e+01 3.232742388257010726e-05
6.594865968881735796e+01 3.242096087783174693e-05
6.633773732709947524e+01 3.251955011256237374e-05
6.672681496538157830e+01 3.262437994343191176e-05
6.711589260366368137e+01 3.272363362284846927e-05
6.750497024194579865e+01 3.283190188906572662e-05
6.789404788022790171e+01 3.294212782043169267e-05
6.828312551851001899e+01 3.305536494269736012e-05
6.867220315679212206e+01 3.317361724599225599e-05
6.906128079507423934e+01 3.329234261377750343e-05
6.945035843335634240e+01 3.341534445610092182e-05
6.983943607163844547e+01 3.353989181068312047e-05
7.022851370992054854e+01 3.366860388712700078e-05
7.061759134820266581e+01 3.380011990735874266e-05
7.100666898648476888e+01 3.393518370377734142e-05
7.139574662476687195e+01 3.407196585155769492e-05
7.178482426304898922e+01 3.421342418888253904e-05
7.217390190133109229e+01 3.435193605282707053e-05
7.256297953961320957e+01 3.442047067693204638e-05
7.295205717789531263e+01 3.457296316079255029e-05
7.334113481617742991e+01 3.480005611539773456e-05
7.373021245445953298e+01 3.495773747602191856e-05
7.411929009274165026e+01 3.511575549317618236e-05
7.450836773102375332e+01 3.527569347716725515e-05
7.489744536930585639e+01 3.543808344704242976e-05
7.528652300758795946e+01 3.560529344379010925e-05
7.567560064587006252e+01 3.577242492606980389e-05
7.606467828415217980e+01 3.594309169953218178e-05
7.645375592243428287e+01 3.611679547489766079e-05
7.684283356071640014e+01 3.629270734887254029e-05
7.723191119899850321e+01 3.647100109815104021e-05
7.762098883728062049e+01 3.665242774586385599e-05
7.801006647556272355e+01 3.683464706210471648e-05
7.839914411384484083e+01 3.702026057200362528e-05
7.878822175212694390e+01 3.720902338290229270e-05
7.917729939040904696e+01 3.739999216443264850e-05
7.956637702869115003e+01 3.759330487584009291e-05
7.995545466697326731e+01 3.778940316127655304e-05
8.034453230525537037e+01 3.798765650900772092e-05
8.073360994353747344e+01 3.818708730818831995e-05
8.112268758181959072e+01 3.838913483802110059e-05
8.151176522010169379e+01 3.859378412955538260e-05
8.190084285838381106e+01 3.880165743015936736e-05
8.228992049666591413e+01 3.901026651416490476e-05
8.267899813494803141e+01 3.922210493035570300e-05
8.306807577323013447e+01 3.943536831324400305e-05
8.345715341151223754e+01 3.965069117757132137e-05
8.384623104979434061e+01 3.987006819662792660e-05
8.423530868807645788e+01 4.009119604680096475e-05
8.462438632635856095e+01 4.031306196701963518e-05
8.501346396464066402e+01 4.053760687237142901e-05
8.540254160292278129e+01 4.076415932334582159e-05
8.579161924120488436e+01 4.099243426181277850e-05
8.618069687948700164e+01 4.122344998654043556e-05
8.656977451776910470e+01 4.145697051122018023e-05
8.695885215605122198e+01 4.169072224340058641e-05
8.734792979433332505e+01 4.192851574715288667e-05
8.773700743261544233e+01 4.216678028119201727e-05
8.812608507089753118e+01 4.240779515242346749e-05
8.851516270917964846e+01 4.265033226322123609e-05
8.890424034746175153e+01 4.289572181824668915e-05
8.929331798574386880e+01 4.314212027732240490e-05
8.968239562402597187e+01 4.339050420713548502e-05
9.007147326230807494e+01 4.364112484675089574e-05
9.046055090059019221e+01 4.389443225082689825e-05
9.084962853887229528e+01 4.414876988378449565e-05
9.123870617715441256e+01 4.440524223693946370e-05
9.162778381543651562e+01 4.466400450949401310e-05
9.201686145371863290e+01 4.492284653742441617e-05
9.240593909200073597e+01 4.518461016630756868e-05
9.279501673028283903e+01 4.544799024030955775e-05
9.318409436856494210e+01 4.571441305085444139e-05
9.357317200684705938e+01 4.598118334342460209e-05
9.396224964512916245e+01 4.625041793588159417e-05
9.435132728341126551e+01 4.652167733261787410e-05
9.474040492169338279e+01 4.679327298940429971e-05
9.512948255997548586e+01 4.706794154875697890e-05
9.551856019825760313e+01 4.734463266715401670e-05
9.590763783653970620e+01 4.762255982815671797e-05
9.629671547482182348e+01 4.790263340125026242e-05
9.668579311310392654e+01 4.818364488644587577e-05
9.707487075138602961e+01 4.846642082190607610e-05
9.746394838966813268e+01 4.875130907037474975e-05
1.945388191410541765e+02 1.630258369933606523e-04
3.890776382821083530e+02 5.746547739835540774e-04
5.836164574231625011e+02 1.130762888974666015e-03
7.781552765642167060e+02 1.722914489338132817e-03
9.726940957052707972e+02 2.243326895502542259e-03
1.167232914846325002e+03 2.584250981260412944e-03
1.361771733987379093e+03 2.638117099738271614e-03
